DatasetStart
497.2277802951739
482.7248430939054
259.27948035244106
157.20618260508923
321.10817310519064
186.24603840779957
451.1876617301738
502.8963834731697
381.11270883321765
364.83439535685613
557.6883027438507
366.0674043344694
439.37457754725204
516.6922706575722
502.3391549810583
441.6193425664592
433.49442744642596
515.1419734054681
503.06771210311143
473.80021505550866
468.4343066108427
356.00335675932547
560.6480448548344
476.7390457786538
454.21717933618095
398.23160782944456
478.50072189603594
454.91452255524035
489.13737008137383
518.3563068202442
438.5815115735888
488.19344317961844
497.6144235600798
560.12207182674
499.78951276483633
498.0719534430191
491.26234299298494
580.235515440967
535.0162516025781
481.6111282113516
457.62750557614794
526.4418458143144
467.8094411568791
392.5369914726582
469.06793213294986
500.6824668903555
533.3000193994615
344.6063712240051
452.35631846423354
469.66306705452666
462.2206018236405
432.78210421696656
552.7563632664612
527.4504491474263
562.9597242286789
509.7795796609184
538.615017557927
443.59341327034093
475.74590316115257
471.393458031193
551.3804128796206
547.0479919906892
404.6627971179598
515.4185097882983
524.4795420794771
473.96057889059534
476.96259950583783
457.5705289991207
501.45440279134624
484.0219266169266
449.5352415680968
502.43173417180697
482.5304644553154
483.6949355976498
550.3922543112047
449.3840962818518
416.21397080750154
462.930224675529
460.5752947374578
440.26440621558055
483.1263729128879
479.06926534559676
492.0512938858038
520.5135702061185
467.70100986907005
436.69471683291033
477.9695519823746
507.4739128549247
554.2463044375288
505.40831200020955
531.8537665567134
460.9151590997883
494.26696638221875
420.5911259084253
474.460686528143
501.5549420365213
455.9821857813259
460.52853002319074
478.6492389310414
462.5698907792613
459.61492853440365
430.8053997790131
480.23371853156976
416.82899137156255
452.06144735813496
524.6920031975638
476.8017934734572
489.1375756103662
497.3523109556628
487.8908113678487
464.8393984843183
574.0940800929327
492.454955778657
449.99232118208784
524.0439030897838
566.7829635904734
435.392076270532
491.1695223143577
438.8731148880123
507.26448514629044
523.2315200663766
454.16943224530587
444.45041878728495
456.5936227511446
478.14855778794316
473.7761837705656
454.1214451381112
487.4035903464944
459.75440830472894
400.4933504318734
487.3617848791929
463.15358264720487
580.3552457294375
492.25006629955294
519.8945454582158
511.49867481343915
496.45171938273324
419.96932987515265
487.96234329897965
501.5639712025216
498.5939542917628
504.36527020395073
557.8642095172875
441.78248993867294
469.0377505583324
524.6938077093262
515.3484648921858
587.4916114351685
469.3614912312901
527.8447038124813
487.3879773747549
497.7474215603336
473.69572053018555
558.5280805364204
516.929894356472
466.1567794792991
476.00755546078744
442.2981335447491
503.861905405396
475.7970649746641
517.1428585161073
587.1967275385991
423.6845565093272
470.8566386647228
427.5315761293394
473.0237853211231
576.5320719066607
464.41405805482884
355.5949056391049
435.8988593772864
523.3881066920133
450.0503001244274
528.0509199314022
415.43439926025417
628.9770387521768
509.21370631720083
565.6242414330327
459.0909761097347
544.2991305867998
473.80561989149726
565.3938712226453
530.9227564445441
519.7801737352346
492.96285416928123
542.6974621859056
413.0988268242585
514.030064770644
504.6539314834545
560.0575621051848
529.090809851539
556.6214770219493
471.6230008868226
401.67890155938574
447.02190984038316
457.3043587733348
476.5532099111036
421.84583356111926
474.4238810328659
475.94324824138977
514.0304887628865
557.299540245985
538.598734955025
540.0076712168532
484.851661639872
521.817160478836
445.0857551453173
559.47233461241
417.18102758432883
441.8843352227816
465.4256386984343
455.07724722636823
418.59302847246465
494.39286496343925
483.8315634474966
436.57121823875707
465.2364089822654
530.7814542633632
559.6183110398706
526.1328368373405
484.39360718935706
534.4992158874027
433.54780159317534
497.94132374313585
447.112434334956
460.69864794442196
481.25714609834796
531.5804466835926
501.06259784392
503.5413957038807
514.2218860345135
558.8151569425477
481.77076809885455
433.78911088748254
524.1223420401894
527.2525115262371
460.69998386951335
607.0691670631699
487.9662470644369
549.9658469550482
422.37697172852097
496.77279257728617
375.4611062175437
485.6120807443329
413.79152496628257
556.478731737807
529.7751958261968
469.21880814909935
437.1846433496878
543.456957918101
502.1094728978745
589.7966171733191
500.5790504268898
437.79581029252194
519.9220500366023
473.56602592909474
545.2034786258704
497.65773841844634
494.3803455766777
442.53793130461946
517.6646864662284
428.7137218860089
526.2823001096343
504.8739485368109
416.4775981721388
514.237126445989
558.1810587644146
587.7098792994632
535.9856301574647
451.3756128951061
595.7711185875808
537.3204397939127
527.9246100360506
503.3080209054033
463.7324398270366
491.25238894160117
443.594408346685
499.4324794551562
471.8964217608127
500.55008804190385
395.9653773022752
488.2363547187957
530.5149555732196
431.857600766582
518.9546514564448
454.5173168919878
487.3933091278781
601.942954152724
437.84384904440617
499.05844069934574
508.4528370779267
507.559549440964
385.36851738576246
492.35183487543765
432.7976234499014
518.8285090838998
440.9187886820813
520.1021995011503
423.3378826240506
493.77935198519134
502.7312903195686
537.511158373967
517.1501142782978
517.5483743897531
545.5930467184603
478.98410881998916
455.40936553947716
419.6352115342041
582.4575123774878
562.6758458080434
466.79080729429586
435.429437421572
510.21267339977396
473.8234671028891
435.2586099514636
543.1722938674435
492.2883052412893
532.3481458119043
577.2693878083741
459.21755773776
468.0967870079068
531.534090041889
452.49692087266857
582.3631405201198
421.4602013022137
436.2182787496008
437.5161845621817
460.38369235753953
440.46074356181555
473.5320058548351
531.7195557273648
551.1387651794214
524.7345739826656
535.9959961239882
445.5555316467775
444.7892881054936
501.3768866010958
526.9566670299085
552.6073230779016
438.8186211976245
492.80686758858616
491.008798466495
550.7851343649791
520.846281844519
551.1683068888733
440.10928681552184
414.3607905354552
513.6247351258854
475.5992129090448
492.0145785300642
550.8818964974392
487.2058504963869
420.76628308523095
489.0309118683484
493.160289747593
516.8245481074085
508.7414110143483
439.88394727902556
521.6500910624101
554.8089981262907
492.6088758108614
456.71476765075965
470.68684628722593
548.0562215003663
451.03994845052944
414.14476137959923
433.12908348949867
516.9143438477126
441.18296619827674
461.48848019603867
462.8871474268701
430.3573591675132
506.62819808983
579.8254870613222
507.14252153056674
448.10684830750523
427.68147048990807
463.95641765764697
461.2913203948093
596.0364968670256
424.5431869141839
485.29920308072633
497.72623234670357
548.9628924158746
492.3601950127586
517.7871101584492
443.0915217547774
407.70563643697477
484.116390897413
398.9663003885768
514.2727020790877
462.1075283241137
463.51617945055233
515.927140820953
549.0730342064951
474.6070293169955
439.12310583294834
510.2581340206157
479.15447762529726
576.234378620965
494.81488784041795
495.0836662521293
509.75692521716627
493.27870509351516
485.4397747434227
546.6393798409697
408.9887229751967
593.7180314006924
534.1652023287816
490.36145827266574
468.7223389807797
607.5778877569359
513.2637882040963
522.6470829997702
444.9760573909094
432.59327805678504
503.5259002824851
416.4208869626545
376.5844534534641
578.3668117947542
498.08789850598293
449.73327210655776
448.16704164098553
484.38832730164097
472.7788784498806
469.7509359320599
484.5326261499484
397.557425087629
504.20314138733113
514.440504904019
426.31632037011894
467.3122520592501
431.18850426438723
479.8234470071298
570.0219111973026
461.10630275138766
510.7571654997743
563.6687771015677
473.4788936345198
502.7111269231462
472.2967831083529
530.7768923906577
488.08856608615724
444.41358907814543
555.1958059389849
413.39875876716553
450.42485160313106
571.7996406916574
499.51041952081516
514.9293872565929
459.57079876020885
456.0325217512957
444.79985272570747
494.66080907232197
398.67394264970466
522.3878625368928
456.22717293932493
510.1370068555862
479.1524811377143
444.8285770056418
463.69896294168313
427.9143707141128
487.78241794014707
456.964551695143
470.15293658725
412.68663051854213
434.59617017344766
497.59754568371426
443.97554763378605
449.2095835943887
483.5789028765708
523.531778648304
569.3981935820775
454.7281483075077
548.7100943233015
487.6338938269954
586.2825164191494
461.7125160928281
440.8556119166427
414.6992990370661
596.4937919209159
429.14666814595523
424.42838509541224
520.643934842383
490.7364102531095
491.85881411015316
453.60568476647893
452.7514616119541
489.5679996279708
529.2706925112993
478.4959030555725
581.8849925656672
425.69030291831314
549.6930794314719
516.1410671547974
515.5979292651392
508.84906309862805
506.5697987668959
528.6332722280279
427.0512311238709
443.06885826380045
539.1208933723423
478.41963736984434
504.9569174389626
496.5369375390262
501.2923717725492
495.29177323871306
403.5600891299099
551.162130129172
481.0875839926656
575.8326483033202
586.5083814763287
522.6439281035687
522.4468632833764
441.05023862336185
387.68022496012674
513.2201503769944
509.9144052652854
499.35234383014455
535.7813961820091
430.60759284554024
518.444783497882
544.5028305938038
423.08051127325206
580.8159655906902
514.9026310238825
469.30442391454267
454.3371129202578
495.1343820764523
478.6904958142534
477.26444046693314
471.183893305362
513.3555730282518
508.3121912012176
503.177052918
567.838645675575
463.0199417272273
516.4944185854755
549.4503053718996
513.8597124863994
431.37488757941543
429.0374293318758
539.3064143156178
481.0936383237634
452.2116289766969
454.78692612636945
461.2446035602228
559.4860996450304
426.8938887298412
546.8140899213886
426.617449820741
493.1150379486264
393.9410493663798
387.8497279157434
524.8845855391559
455.6800354232459
603.1983656211063
487.87119624051684
449.62753971678563
548.3492174915178
384.252285225999
509.56371594289067
364.6259222921266
490.62599985897293
478.1878903909996
591.9763165396595
479.85269192108854
415.5692205126554
468.1346557115995
567.7503293175945
558.3687894936077
505.83920528633735
395.0683654351877
567.1786418033838
517.3387707590382
479.55913032211754
501.24629964106424
377.63499829648447
434.06605872726453
434.1157435761418
480.3592876584369
455.5441181725929
478.0763864812941
424.7540874288826
528.9203453984381
436.82348384805965
468.5990983179692
477.92375811835154
470.45866322208144
589.0410387695734
517.5391993138716
520.8403181651056
522.4339695940351
480.22452024275276
525.1056804518054
511.7715568233477
530.3061500883214
558.4173377667607
489.9711124989632
494.13708108954347
462.6147348940681
512.8335661192224
521.1129719300187
474.1851648061978
492.8347122551065
512.0782423984999
519.6377961071131
550.1434949005743
479.35295045496105
472.9756580551524
470.41708542919093
494.1857968921687
388.28066445279865
465.39203021631937
492.4682646797578
512.3558849245046
531.6176379450151
517.1330745384807
515.9060069853032
443.1939292977991
518.1959853536038
517.5151466607763
420.26814805661735
416.561797531937
438.9725656260569
424.18013416790814
539.9987178417553
449.8924949251309
472.8708712362466
581.3273004925109
423.3615155921145
443.66011148869313
456.19460859281287
597.9946357999963
501.1220617799301
575.2873440378396
501.2072864075402
532.3128979525028
473.50187981547145
373.5763954323175
471.3252628711249
508.2325294399904
521.3986382988426
465.8123229098707
422.220712166555
473.58888855679555
399.8772091647362
532.3276473643484
371.35149525530113
539.1454534003751
527.5594385107919
453.44702941454165
484.3235835565339
502.9415013246659
612.1155045613546
417.41700782246284
471.1993906252132
480.2538714392813
486.55302182122756
436.5244512468202
516.2505300706837
498.622323115166
385.67620824018746
505.7965176483125
528.3646942218163
575.4123287619955
532.4013632752883
468.57347167591473
492.46157816431565
534.2019469619615
482.06349983621544
472.60933921695647
543.2018472324546
481.72823577044045
447.6236398613931
502.5029658891312
441.4777159476279
402.9913921495174
486.56226905546043
425.9415465577991
337.81391601206633
522.0991203719361
449.8477419833322
473.91301033399344
522.5133138127889
502.57017766047926
502.82203042426
476.26015003952284
423.70532712124594
522.1407669549883
445.4224998443405
483.3490009867074
513.9749727055337
411.5506180436667
490.6772970607573
502.5442577792767
516.7766900995213
436.4619187481247
500.1796668183607
514.3426692155867
500.89629496092647
498.6322442703677
485.57186722847223
606.7064776358267
535.4866713255113
558.7043874011749
434.89108500096074
478.97363971062435
480.1595024034025
406.86612919221835
439.7546104204025
508.90929816966354
477.13460701903244
484.5006741479852
499.6274840990864
492.28918106891376
475.7832018215911
511.2357870089297
472.60172446973763
505.7965458166698
383.883646383743
451.9949890135719
456.35940910856334
452.00118629627764
461.5731110792235
582.0980729409777
463.92614478011177
559.2740686466074
562.3761417187252
467.87620064483997
520.3344211529501
556.6996792791265
517.1749325597398
503.4791655515789
441.99317363354737
455.7302367515993
488.0718398906934
516.2566120770409
573.6119441410033
469.31233977666375
519.0903345025448
447.6869325101897
448.8541882384797
479.51473537402126
461.533291096957
446.49140705295156
509.51640390917413
535.984235428025
503.24880317743913
464.177878859878
500.50182751258575
562.583867633278
451.23046118551264
511.29678345492675
471.79112509971884
507.62226890267885
528.458353108137
510.8302546111928
478.70816812303127
460.0974761557253
459.9278264706055
510.2175594338367
483.3242159798413
544.9618568845258
372.3604209607779
514.7953099538697
373.1409598556742
441.794294138241
463.75346749074487
459.0225321045414
444.1585490398623
431.461817612305
574.5428077284539
514.1216909800728
468.29969932004025
457.11967046238294
472.76088988292554
499.85472924962147
472.41407954851127
457.48095633593425
486.57511682416686
629.2765182537651
523.5750881549477
568.7210560334474
426.1920568382073
503.87376650692653
463.73091870806405
553.8471387900024
472.9262978019307
553.4695336033498
450.93549613816947
498.35393267120907
476.3653017128971
423.53397078502024
411.3491392042167
595.5705338413848
570.2198629524204
406.39362064630035
538.6109904792178
427.71826954306675
474.57979263116687
571.0719441386182
437.8081480946393
449.437293259214
509.2639389266773
477.2284805675697
445.52524767524017
530.5161087521265
468.9531121761199
531.731450844729
508.0190167933357
509.92936697932856
530.6791120155535
550.5005056140768
444.5896195895889
551.6541593930995
524.421302966796
539.2336233222418
430.140769095306
459.47748725797817
428.31954971817504
492.93733678991117
564.7234351612744
538.2563738615693
500.74368701385083
492.16158791071655
415.2593462748597
477.4765049270117
528.8583638544459
487.17042685019544
415.3101377758252
437.382775740793
514.7846551165993
474.9732064247822
458.17173636873764
461.9094639847173
405.2226970978709
472.9007523270101
339.64312836124475
567.5233682671588
438.9867331699308
467.2269831551595
465.8861085553066
495.332671641085
470.97294706341927
556.8767919662009
463.5797275834583
453.92132757268473
447.56295560624505
533.7815834252019
520.3305333788339
461.5767963310186
497.42488092239836
445.7849212197978
474.62413941578893
551.0534351238418
455.5453720438916
441.85424581891755
540.5689560612519
544.4653168053187
456.3884148118442
465.4790711678488
524.2826111087334
451.17243406932323
445.81921782454094
575.1262020293426
495.53630906780944
546.8999782823115
492.7153537081171
547.3292042256471
528.257711295271
523.681654245953
429.4701991909892
418.61075311880296
455.5396351707562
419.421319428761
451.8402324750168
459.2401171530695
502.7515206552447
458.38108403891727
523.7328332188199
472.85016931796235
525.2192175610758
516.8130999298569
505.8071631575504
506.3955865326293
438.54715214939404
494.145650418962
382.2285711306545
526.5229310567365
458.272527141385
552.5728977451465
412.2149353787261
541.2706622694141
414.096735961422
469.34783505916
458.529169572009
478.8776548604597
437.4543762631488
500.53533022806715
418.32725496049846
467.874752969943
536.3166292271655
449.4747672492341
477.8520135855584
551.2789319733697
430.68133933034466
469.06067457041496
489.6645104465079
526.6186114793979
497.7025890307468
468.95536815797925
475.205231497097
434.49363561292256
494.69333378471015
572.681409241826
466.3823737330783
482.1542503378193
528.2431888528903
606.9974530724057
536.7339841245912
483.9274472660376
401.75116804489573
508.92885784852007
497.99859570586193
473.7559538362301
480.0207804402866
565.8194254347886
433.189462861309
476.2418189304419
504.9081995652778
510.81165979270963
462.6620612199922
504.92824924656145
556.8044618912105
483.01832858602796
555.6294218483074
477.9756947125099
488.557260145722
489.7119302766062
526.9514914629042
563.0385615225907
444.4276060488472
480.434792016741
468.41866155810806
393.048228139058
490.42477460562213
542.4521596535471
496.4927279203175
503.15352444830415
462.643710751603
463.9226652213588
391.87069302270737
565.429776354757
548.4612049346692
521.0722979037519
495.93947519961915
487.52005143055624
480.89383370577474
451.73264647231235
386.5373312146032
499.09976138130503
490.16461795157545
517.5158829447424
457.7548354052652
506.18435475242177
440.8060542130668
497.78686345362456
546.6098990711037
401.46217975569095
460.1934418034264
469.7238126596359
518.701699885759
504.65570054995754
416.9316774595952
551.508777688934
449.77925553250554
473.82812761928176
424.74573818656415
567.1342142422145
395.2136724602677
559.6930128290129
452.786827412834
515.6465534788598
423.6793680963386
533.4372326742872
428.4452378781094
433.80900916039474
490.6452266031978
526.5774720078008
532.9887032497485
455.5487608644292
472.83535896010267
458.80443947466694
457.12291595725225
568.2091526996703
464.294474487227
504.9236974055396
547.477238334437
537.385333937821
497.62812399386235
544.8967714431799
577.8628465719512
481.42575254405995
401.3727330083931
435.06918186323435
403.86368740513734
337.5263929060436
108.80628731790213
239.75044497328753
183.90310015172193
254.74305387041457
64.65300390942629
296.46650008519265
104.75792300497167
194.1000756607305
152.64743056901258
290.3881115934253
69.45886673608837
210.8429907198797
204.56225675296565
236.5496200640745
77.02221135668063
346.30360118644273
159.66571347970395
302.49002850214765
172.06590547539912
183.81576434999675
161.88259992184058
200.21819894507246
160.1681789145175
309.22712795383114
202.20938512019362
366.55202779401566
194.0863037381753
293.03449009298527
116.91640265764556
146.54788385851822
113.9494290160344
317.5363156829208
188.39346845528766
165.6354299572095
150.01308427150005
259.84544907695624
150.9936282377325
237.28933030276636
218.72488058734194
172.58383465622325
150.32524505259303
300.68476379961714
186.96652002427916
322.37268551698105
202.16437210052447
277.0298297074081
163.58756871440244
250.3828769427705
119.54873652835737
233.9368038341944
260.8095111300203
215.651263399415
128.79909903413662
208.54457616475344
87.93219151616228
243.25067653232827
143.6932778290607
302.3675109558167
109.90333702871959
353.5204841728519
127.01599269736066
255.69262983176785
141.25010996628393
258.5217992483193
188.00255570547577
231.88397780317888
229.1045703686526
315.3963778983729
236.72910346789155
348.685751416604
118.62275784816265
256.43150849221945
189.55245143221453
259.5891847162254
84.53404607590753
219.3074120456053
125.18492770237728
223.4306934144727
198.33661701518892
389.15816488168565
170.88804761277794
222.43306330467666
140.75852353787022
289.44904247921255
122.5697594502145
298.6840619870766
148.2563227827569
328.20677301969397
234.0154315007758
339.6493341118346
123.38909129298682
271.0690127008223
200.94085202486318
162.73768206984346
223.2248599321506
224.8509519218621
146.88992540643386
238.0892796457302
155.97362395801377
165.72746791862642
122.9733639522177
295.92743081786006
112.67966011453213
232.96972509658139
178.5977146012908
213.55122442050896
58.170071346159304
234.46697754337697
128.44407292954068
333.18288385036095
174.66869710932855
239.194253755842
113.55877848925509
278.3664770515065
176.11256490873834
303.1797886098133
165.5649290846305
219.46942311816684
64.5304320318928
265.78417859413696
161.19198684335174
281.0621081344668
86.2176220581391
273.86352013560537
195.24530114862353
321.0193324911563
169.27943677236036
220.50042915966682
219.2731020356654
271.0990112917459
96.62046365326617
277.51088638509503
218.88929520522328
246.76210037327516
200.99041624963417
216.92761983199338
239.22504485882334
203.55149536977473
221.86656240574837
306.7057794234055
132.9960603364273
302.03850414936363
194.2023838111618
227.81247726430172
220.3158774244175
202.92892402222955
52.35720622092458
353.83463138601786
125.95298589027202
290.72609900060445
108.91373031378777
282.5711337435887
281.11665231038126
201.46471692469305
150.5068474378829
263.16736385205934
141.6521579574551
201.36284960843318
118.3521022722361
284.61708373577244
127.40231088825104
211.7701384304037
92.76415390836033
261.3972068758655
140.74977342212372
234.33806274793457
224.71286188524596
179.31503037319436
240.47642926731692
219.66900483763752
200.63238025572815
212.16433278087123
168.4773712125421
230.30254643595725
182.33485255929054
365.7405737219945
153.79107243991123
328.603271494861
79.32725732000986
172.5662286403981
210.16644658410542
174.2578974446094
188.9257750118444
188.87984049890656
97.99741368538966
191.51183074989063
149.03273651447478
207.7268427412973
191.62868758580288
226.58751204892803
159.68115946754324
179.2665293844324
112.64315380550426
310.5450136731258
195.79635301680509
308.72013895987783
200.39949928581666
325.81045916891054
236.930247006342
282.01631868297045
143.39212635105042
233.37022406325815
172.61095601794494
242.1395125023198
46.20394983827211
239.68519929900424
92.45216238816663
233.93866716332056
131.1239361717056
140.97591652105655
179.2317381967157
212.96748193434684
163.20904496596154
267.7112972579667
197.9240026698478
128.79999866687456
132.64808240497024
177.4495040746729
109.39709992538323
192.47205227434284
177.11664770719662
238.38422232057462
177.55592297913728
328.78511342411065
154.60289946066376
265.5162543007902
120.60054422832292
315.66455779606883
125.11125102842736
291.96569866107905
164.24749815008255
308.38264098879216
196.1669773977967
255.7831917120012
176.73944174279606
247.09922535198442
140.38474832705174
256.9557990972649
159.96744508233934
279.2716686556705
182.12045743047096
256.5385541559884
166.1903582971187
234.63343834312244
186.6335452989705
245.874165852967
142.11712955484953
259.315715824274
142.02125226566574
274.1813950354403
179.6190063458164
264.78080513842735
94.20967351224327
317.2059062725713
269.3571311569117
336.71022397680827
269.4166506322927
210.87116097579153
149.43785470817957
224.77287328435372
142.12896810752147
197.05934069010104
168.89148870400143
316.60355922148506
124.34321592746831
342.78842129362715
147.7189353697628
242.6829093522511
150.08885013205904
200.1025145870595
253.3429520931777
239.00309490515323
158.55117450558714
282.0967781009516
115.79043613384201
249.97357415488005
23.396470423990877
277.4399454711748
202.6359757083505
272.3207169090018
98.71317035624479
167.89957190131787
154.42714556811978
249.31792129132828
153.9436814376848
286.36494944941023
215.75195951244507
340.8527048047841
165.88618925718202
322.6466014632583
125.57233960405732
223.9214594566698
151.64241116672088
214.37535834662725
215.60980548574082
231.97284863327127
191.4272949545175
158.45425871553635
156.4972269693548
331.9516602369451
216.31856259739035
325.0186014795294
208.47213277305576
270.361935111864
191.96452544419537
202.94252612375186
78.59416880329468
260.5908652325759
118.8310649267991
320.21438401214533
195.25206560485782
267.83578137128904
91.94959113098588
231.72648088273678
146.99252665508098
294.18076691979496
119.02897687435785
221.72106933202576
155.11360794700158
364.2229440888663
239.53994839893448
181.36655160099363
170.44462258068046
302.49667245295143
128.77045991980947
260.1263986891434
183.44865279837137
282.3128697697629
155.63472412818084
292.9416543343189
150.82353260655526
246.51496614492328
268.5887323505244
241.0447416835266
75.4431349560918
283.5778870173255
90.55198414281303
310.4820412752448
138.13001756635845
253.8477407651036
111.63599258123716
171.58731360084175
106.68134417484202
298.42111086995607
176.01215493958003
381.00658724959453
131.943339053068
307.9773286185231
117.02372225433606
294.22353652566755
111.85670441819114
233.5898685506587
250.75702632206736
252.73310689620246
93.41812653889822
272.74537693298504
175.05020892661042
316.5507235510307
217.85986495178753
283.25450819331286
132.58762848547767
345.61539730696273
164.62883716911998
334.57638985661123
122.03471588049926
220.04521240737415
138.02772531338258
197.15481688355942
149.503242431111
266.19334919475796
180.61928445406653
152.0375863880078
226.44837775204854
279.230495309134
148.6975504314515
259.33930617275723
166.56529379394922
229.8925870234057
153.81534489137002
316.5365202076336
223.4671842385447
340.63167354591576
106.59031845177874
347.1902543716281
235.10085883400615
249.8837236249832
281.206566529678
280.96068009915973
180.03469228744234
192.1291761562552
96.12789196218205
264.10239142724026
163.74310041319387
255.44496289687422
161.71633022211535
197.73038061797266
151.02922634651807
282.7723544079701
164.51277773168678
310.0649803710117
171.14964258678478
264.80412186769587
151.1570552768657
272.01074602295296
187.6379146379675
279.01605475091344
155.98584740582143
251.0893054448213
146.59052658129667
314.27586769153584
154.1641710359701
314.06848911335635
63.786524943402895
375.9878178700617
176.41100945161855
268.2367319122956
192.03508871691585
274.79373427597915
146.634995266916
290.8591600822512
79.68240045914831
284.4205471612585
229.81955330486065
248.31057016477018
121.83041775420887
204.36530118666047
209.70036574065608
229.1411493656573
149.77958147898937
262.38761236549516
121.74068565391454
398.738866187408
161.01016501115132
247.5783100730001
106.71824211834215
324.55964847194565
218.2376673642575
302.54936509814684
125.01691484857842
282.97474696733286
121.31545096996336
240.4620643048133
242.81825896405317
166.73937361400328
172.00198078636487
173.17591427575792
130.27149890360624
383.31252763627015
157.7545569333837
260.7749641028193
207.2037105224564
217.83899950495595
125.20404454370703
288.08719137893786
141.4632534692218
258.1486693315304
159.46693997375192
229.49236114071394
126.46625104227809
268.2033898125532
188.60245934796262
286.1576480648398
174.6893845519162
320.9443351952322
208.60296709979056
259.69849095084084
212.09584902319196
298.150783236159
93.81895748049564
371.1196684471977
197.87068410806057
249.76404911208658
95.46112006019021
238.00597364802033
265.980162657169
281.7027291057231
146.5998762428527
274.9807169243478
123.22823814024514
211.43565359386466
148.21899436301265
225.4481663399003
174.01855529956157
289.3493775922782
165.33476479632165
290.390674750136
183.82393401970472
229.0131330135812
147.80367285735065
290.75279406212127
97.96593606659467
306.4824430469266
113.68298015889306
276.87547171509163
169.99167669111557
142.3728990862483
167.64156917316032
281.7702679191268
219.14351313926198
231.31144646106753
189.47794500926761
206.62370779337698
102.60546940889878
197.79627232539627
116.49647951333587
271.1930225697198
237.206339709346
264.9669656237832
84.98733383288757
234.24152428102002
158.89942005774344
319.9950117355811
165.03762164622069
129.5035074787481
199.64303535971516
293.71092222044365
159.5596554118212
256.09011007943013
166.22560126764776
255.94589054133093
147.13185203516935
276.8599761915433
190.2167948399263
256.08281963044203
85.63863725527546
317.10208962879267
209.05297939289744
230.36084822126313
181.09560781620172
248.9144696189444
106.38358784667156
316.16649664371926
158.5983556665902
250.80339366900597
97.792166548419
311.05304546519415
206.5661778024752
281.435544317006
188.01227761496884
143.36146616621204
185.71122984148712
312.4292770152638
138.26288474036193
204.61992500865347
177.01930184901153
282.5468733599545
269.75884915579786
198.2176712461225
173.48556710176254
261.5262153974094
164.8042354747486
307.5671204542989
148.2172141899046
299.3019626238922
138.64480978156044
287.1686517382984
204.38070565383612
116.34847508363475
108.56244128753104
336.0035067183567
174.15395745500192
196.55217081564726
228.77887860842216
248.77759058143388
126.40192596464962
260.62508341396415
167.28407143546963
206.35206332660886
165.56210740237952
282.6590804002934
248.33295947839667
123.12356658900066
109.33165498688314
297.9480779017035
232.19847812150158
310.52281158741744
114.95219962080034
251.23864950581415
55.033114750988034
214.2372645379666
235.9478293559502
291.7614565942805
-9.302115118208548
252.44794943744262
98.03238913953197
183.91397956708636
100.43919492569819
200.5693358960106
185.71926456275995
318.9304412265267
190.94727153299854
245.07436060235722
93.2865363436968
240.3665629099366
203.22105524949595
259.29360195154095
238.38470898707914
215.31600421145282
279.42404313770993
229.14283433630393
145.97855256361981
161.50210896474465
62.485883372674735
283.4205263120272
146.19216371339306
311.9506493944948
114.94703560348331
266.3030189606904
168.30712788241485
227.25544029991426
210.63075505203173
257.55059804625114
106.61176175838605
352.7827186434515
165.91766637823187
247.20197415282357
55.78875298292134
188.6077771673751
173.6220354406073
209.24451512222933
151.23194541459796
252.19606216778507
224.06562592856963
258.1975133864036
169.48540969794695
253.88947561707266
160.5026171521358
237.78199823362291
146.3970636562591
231.13758566115467
152.6256922930904
210.61870259369675
145.05408836654456
317.5321471455895
142.31490667408872
319.76217007802984
179.18108435710732
299.11235217755643
223.89952237678503
334.85188152274907
146.1368987871662
211.82163685285394
240.4451518491886
233.71410640405819
160.34473215233467
326.0028161066438
41.98620852198435
307.20025785670066
219.34288485242448
146.074349833342
150.9567163325987
191.5723388286568
154.2039504250044
237.38954938534425
133.57720676776214
323.09919891889564
196.05255651632265
326.7997946572293
95.0757376776379
265.9526183273926
157.59623904911274
221.301572767615
157.77546950919623
284.6874140970434
146.22845715549522
331.7494892494504
203.67820514916997
276.1237728784667
94.2792200551332
307.4018592997237
119.68374434692711
196.52822910528636
162.04994674142816
263.1277489781734
153.21098588431073
290.21652927454085
88.15049452747313
260.3215894534197
163.04900171806713
346.75146761546415
187.5196928438503
250.9871858496153
129.1175305359106
237.548889975741
203.04655862910352
250.30340006195433
140.68462956118452
231.3996978391892
190.22307931315459
254.68876779474252
163.26247943982443
208.06107916397002
97.76122646913916
262.8978984091845
189.69624841381443
241.7893546388429
180.50382852465373
273.65588341090097
193.42184793328582
247.39289907051005
190.64569903251314
232.28988838173544
239.8771410718332
273.1789235746019
176.97320914950154
307.29339575645895
176.59542385345802
230.9920952496381
101.04534417582377
213.15433099185103
144.16226864650136
272.00209721115067
143.42343950072117
260.64946307856223
140.40318575452073
275.47904883089063
208.89973394238228
244.91349133444643
165.32970020636884
178.90485547262844
112.76252781227622
252.42116474051429
116.17128904516909
328.34268426477274
167.25170256847392
313.0477370593834
47.975478765310555
280.7451037447506
164.69127317586572
218.51302417579944
75.3496151095111
217.87215708580322
71.3490167750629
187.67232825966744
82.00315819964759
201.45026833359012
190.35576859343743
381.2895947349764
149.2185079163059
190.6368159235322
187.79311698002107
338.7270769164006
175.29505026148024
277.7648787008199
159.27324535317823
308.1128917750233
191.56077370115125
307.0649132215793
191.46569950288097
264.0968923518195
262.81570584143213
287.8934052698948
170.6246047916439
236.80326792156544
200.80388351898202
276.07365201530945
249.8715349457769
220.01754678877566
151.3631368460415
353.19127589440876
249.60325322140866
289.90356026326907
167.18166541919555
200.87824208662056
149.9856062809332
248.92269114824586
116.64741667204109
250.11803923658212
135.28233200928105
249.19175518194925
141.01710646677566
155.16499819803562
115.81459498588015
309.8162408937198
200.1016292399288
346.4732807084547
158.94106109643383
375.1932239797272
40.10211556505503
371.48405697583115
42.0853184542697
214.45040420055514
206.5877768529546
304.12494176529833
251.53538629780712
305.2602930450291
200.77705837543948
160.08435460336534
126.27205118673473
224.39846840555003
138.68691198280598
268.45911205681017
212.01418215424704
248.34578857793363
91.86381140643253
220.12276091318907
171.50858121202853
245.44605674142286
204.34696501395672
276.2014329895063
161.26137802976703
220.6007677384074
204.04255686326854
314.2609593007802
178.9363733229391
158.16799078165974
115.8685158804197
256.2561578290296
141.33096609163
248.72759214135203
173.32642830403503
224.26114166645013
113.6342667142923
224.92603261357448
258.2003183766576
231.58185871386053
122.52189710984588
313.2352332295476
138.59915994581468
323.3451672578565
145.0556668608506
402.52573256342885
90.15303420833698
366.8002493320098
162.62404425567587
167.1898597591208
193.98472358284022
225.57693049430074
211.615577215129
315.95761417377406
212.97086213070025
259.9256808448723
261.7580875443915
266.76370519113743
135.08700417990374
209.80445663314225
181.74811010586328
244.74074513038124
127.05576696368544
225.62666386467947
112.46706648423779
304.3893617445053
120.59775685743307
247.3367886580156
133.4219959489125
257.741153753987
149.45066401681692
262.5805640616769
136.1048438188105
300.5974826559483
31.4320275648505
218.05735256956564
174.81684537203222
224.72433380842565
117.42788813396476
227.80621291451774
160.95813755371242
281.23043878034673
145.54697527237772
211.18374369409116
126.1021747449506
237.18426754205748
207.38019714712425
257.11883378358385
208.2755117040102
240.79363453457933
179.24774853182572
265.061022452293
198.81819366630825
301.3550119921186
151.4373935676434
236.98292676934068
179.56794464011108
231.00802305889042
179.39618992184919
347.6921570352895
154.28558020727908
165.73796845663023
87.07344416518298
208.8163247738562
100.98009171422387
252.2824363606109
160.44706856749988
245.9047589374277
198.88985465137537
215.6315836853827
135.72666585488926
298.95199258652013
168.4364689268132
280.6427503665157
112.53714149148719
291.0726971440742
104.73945258089935
261.88817841959485
181.1826050761087
240.63443808011627
170.54294230401058
311.4262741378411
151.7411432426211
270.1726954428221
141.7229357490897
210.67551182947903
256.2038914570826
266.692722268111
123.84668429144958
225.37330905181818
96.97420909509137
216.68075982230647
238.6727161525729
196.98510432162632
76.70249330883337
189.9131633225769
195.8367878280551
249.50077688075626
87.21252785154303
315.6643504651945
252.69471171895051
343.6822982540227
109.3178239952874
256.65803433430614
176.73329859527655
337.3316191845392
153.4610403617742
248.2998846800163
110.67704185888665
270.4227615024485
199.1402939068622
305.2049172870154
111.68381185079645
239.08665818726115
113.84240282318547
238.0920943729048
203.41503665513957
300.5687273977947
283.73068420869595
356.37741551354486
116.6572079609295
224.73356086307243
132.80938657064377
278.5899790674565
188.02786658743804
232.65760917624965
149.5905422160777
248.26227058481768
174.55852277603066
264.46659796819097
275.5250504292482
290.0944614972461
71.03388233976739
131.50980322800496
117.10646350816859
240.10341954515928
146.34819128253113
297.3751254868605
62.5576107016235
301.75035429458404
217.27783206037526
241.32860393630085
228.03757482172637
261.32188148919
125.36008402409799
280.31811912890925
201.67218946460738
231.89300471572426
195.08578876340982
260.7554136877521
234.95508755337164
264.3232996675438
196.1247471733242
192.01990428005035
83.0381946226369
245.61030754727662
183.94389126012965
247.50596620907262
202.93241432219452
261.99616947937625
150.76223629640324
286.12087995342074
171.92970232627005
273.73906776496057
261.7169597977872
353.1161788765425
268.1790106491238
262.98037300241447
177.34711098330106
206.22925661167602
245.5702854397844
236.03713578437834
178.80110203272233
332.8082107599769
207.675392949917
211.61736985373977
117.60399616189929
242.09353280567407
148.81308042645747
338.3995266243731
138.92691518671694
326.61201951954274
108.17690720923902
361.91964214877964
97.33553104482982
345.2735107347362
194.92446016190655
367.8045242535216
104.77099159454987
318.3781963941008
196.6999846928697
308.6135867816505
108.30217741885355
369.2414948235296
266.17544877654075
359.00517540301485
172.708028581889
336.1419769650852
175.6338596429102
314.1948868869502
266.79580556641173
381.77458915879924
194.46216176525382
481.10330170477346
204.31800482776413
258.6256829329767
208.25406297966128
267.8297787187385
168.9194841081586
398.64931379436524
224.14211874937286
232.2656702035664
162.0246226559861
330.9209687924158
193.0647083160124
313.9300338752669
273.70757037516177
351.7204835386249
197.47692624608734
391.6346821633409
201.73167820364728
361.261440194904
230.26938423825823
285.75643751965583
259.4901879346918
337.6529293942052
248.93190502584937
341.44703215346726
215.94607701001962
335.190920628831
174.75029147969903
270.6076603983335
153.3394996239009
381.7579334966457
138.81256736669857
358.97042410770507
195.36899337794856
297.52359502454766
147.0456525617351
306.54187990349953
139.82957165732927
362.6939864377272
1.6805222882802866
264.75943054642846
213.19835379052358
286.7323109298119
174.46916991265527
304.7549336928941
213.6730307574033
411.1754050159278
222.08662872227302
339.0318735104932
283.56258743026194
342.4785626478621
205.94257463607403
337.1833975349017
236.44800119367574
270.71480890243623
223.25201146084817
302.68004947121375
220.9100164865612
317.3645659104566
190.19319210631554
385.2458529854076
179.82047464984925
336.21741412378594
146.84413244277573
276.2466419438437
143.37146888146793
275.4010668207881
144.3197224548466
366.0011575404629
149.845552976991
318.3237401533708
107.05084947502239
344.329232361378
185.0488619855325
342.04426718226375
158.5858157722325
310.2736791399274
245.2810226944996
351.47356599935864
201.88527532036295
345.8541646687072
154.75360903295706
340.2872820889573
130.80028107754254
332.7257810851078
154.9362233478431
346.2647547601516
193.238795166972
366.9172917566092
200.06124093669266
337.24640067161755
167.7569950226218
347.6329143904202
189.3426627436225
243.04546029324422
193.52949224270117
416.93893091040235
243.4581254938079
316.3559224719217
233.60672180088199
354.410717092022
116.77446855720564
233.10976638936143
231.1023971944781
308.8443163725881
186.71115137256274
347.97933304679475
208.78457639409177
259.3810492012623
137.0156185174672
340.1008569952417
160.8262466389878
337.94944934818955
195.01319620817912
383.67636252122713
166.45217736137496
351.31009692487726
58.52094424209909
228.00117367874333
213.04788538038147
403.077444995061
194.65712706787795
357.8323442725557
179.21754206109458
261.0772508383037
144.6900669788128
363.81085737948234
242.80789862633662
351.99936929756
117.00450325722106
263.30879176041407
194.78205169306253
318.38000149097036
260.56584549912
271.0383619998476
193.45444293121386
270.62797912103656
166.38816778535121
314.77465558723594
178.53703674401254
340.2260076652433
203.79529633409433
340.64079991445743
169.447869041131
266.1439303639499
184.1123285066812
310.1282643574705
181.61840420200718
330.27189269254046
217.09101922430958
248.77228720678448
143.57657238578076
341.60872498938335
117.18740857730609
314.9334806157431
85.28407336056122
330.1823035056516
218.9958098803548
261.77023646060303
155.96178755292806
252.60271488912065
158.87933957727026
323.86480701925404
148.66449013933203
281.4281598728916
202.55446802315575
322.4159413929743
89.67043750230486
340.4748475846624
211.55583689031033
315.497484854731
195.24649194809638
267.68620962475546
188.388935437233
275.9883531181721
140.06794102644278
353.1893135873871
197.55102807054658
259.0371494818942
143.64286951021356
367.82811828944875
178.7642889758977
352.7640370580418
117.9989222376579
247.1452221181856
139.9371712969678
372.50003512903487
172.40896376828724
194.00456286829777
229.35610889866868
286.2176702871789
234.44586848765042
255.7286967211455
176.92659389735823
405.36296061231343
144.31183788299188
328.758667079495
205.28727444848514
300.9859401062934
194.0302485713887
332.2228856815392
189.08727837105195
389.50731222524496
172.87248640814727
301.94592077318725
147.89466125083112
370.35834605724494
181.3924515141362
326.6263218699342
135.40487915637027
375.0324344669793
194.84397313854615
397.6234663260268
120.33338235401834
230.01076805300767
174.46624768624815
395.05309828359776
258.7751393494684
274.9096103653863
152.56384604927896
455.82585984780894
220.689652997586
359.3347216247251
231.1196251686645
344.38714527543505
246.77294555007296
304.3360032609615
159.38029095087236
257.612919866529
211.05342243921353
386.05303453284074
184.4529781921124
316.8225970408081
128.47512237342895
361.6769149888348
239.14308652069508
264.40649615193547
245.8825095529642
228.42647438413502
155.55536928885454
356.07786399074746
174.54973358537774
269.7691284412368
166.48736804156124
322.72959584796115
205.09383621614967
360.95154491385847
110.89478663186473
373.2844593665702
164.74886831740736
321.14880834670004
159.39564544451042
315.04106832170237
287.0119577344495
282.4574793026846
208.32623368417023
241.75998844956257
192.32953199772922
283.19547952494867
101.21178551037346
342.8135567933488
170.55353555208407
246.49059471478495
220.94446605775798
309.37459881670355
201.94170560051236
327.25552822365927
151.56874951942748
224.05444579245437
153.5628915463963
391.16757507451064
216.85631455164935
370.6193907980841
118.82909844418579
351.4679678783814
199.05831642337938
309.8119256788493
218.78689354081226
330.2321175480087
233.8812137433943
343.12198657131967
126.50221234692958
278.58196214108074
290.4884647802495
390.4179205199023
154.5490827986394
394.18174718549164
168.86902126084047
414.9588294312432
193.27830854900063
253.87994359264414
126.89850215894118
329.8315655910119
236.2409911784319
253.81772775714933
144.15826140829688
328.48233828812334
188.0850314459132
348.6035209620957
177.15880739471982
409.8479158020196
299.1395556920058
325.8730228060376
265.72145990102047
267.17264845800605
167.3817951301642
297.90390788418966
154.7285404508788
332.7925825461665
207.89039272844113
308.58548106479634
111.13737120909536
304.0195730794438
228.05759178480457
335.8057997778528
254.4717160258533
309.6167734203049
149.7960929923143
324.08818780239744
159.68168382659252
349.58015616182644
209.34391015663246
294.50824647881336
185.23817106122564
272.1087335196461
189.94783544945238
331.63377219291993
188.38585591239996
296.83543809596665
170.8361898655927
308.058270000449
200.87962778891296
300.9965679620979
311.34002492499695
305.67116998043076
205.0658682249985
302.89425888505946
179.39440889237747
401.356760229636
155.08815438188142
342.3978797313093
87.10195331056151
300.40933591048963
134.02930939667039
301.2307402893528
172.89840873856252
363.9697653785531
176.6192848799566
338.7212746185514
177.66412324638543
257.2121500753151
143.2782519840122
305.6233106484576
171.53483962005257
310.33537717528725
136.28389357969064
338.88238010074326
132.96829765259946
296.70988167361617
207.5955446524575
327.00554876450434
196.75279903140884
335.77211566939974
218.91070047451456
337.05751578763704
45.54750770222546
337.8942312937937
125.49492026066494
278.6633386570046
169.66464234247658
327.5741818374848
273.55535716006113
282.01441703067957
121.14572294789289
375.9809896396905
122.43438316787788
322.41037994721205
203.57370540812357
300.20383077726086
118.37477880725378
434.67660641543523
196.95902234348227
311.19573507543583
122.03893206393445
418.77893132920025
192.45382477673706
319.8300858655493
189.8384069706448
284.9874810123907
137.17068575677877
318.4681780463373
169.86681619870973
408.7751642315097
142.89710760663166
430.19208819074686
162.16104274356073
303.2854787841535
129.10178120506387
273.26121146261994
163.23492974089896
333.87247342911877
152.56375993888506
313.4802359154752
193.51661337076402
314.1338155534103
252.92515411871528
287.077009472768
171.7695035333587
361.85683015283973
92.25149656007122
377.98315417885055
229.76319023608045
184.42740734890197
114.25898070975
358.65269186228284
133.75816279388016
324.9780206384969
225.05977599914164
363.7851885596964
88.32766252189766
345.7873214360166
133.10136709008927
301.8858938650225
165.30878080898754
327.1436099922876
238.4411172242543
357.39880422851235
189.03467523018685
331.97864778616173
215.56009422294767
359.9527757647313
210.40705121127633
324.40795407738915
238.3046670991375
267.62990157610864
264.4097815620921
381.6376787971433
150.01204092489203
407.2499701541207
111.4638592218123
261.9296950978588
170.2099976923596
333.02962481144027
157.38101580807543
306.3344783747119
151.50818685925987
321.89266155026655
179.46567218163693
277.56588046165473
269.0771613747746
210.75213682608046
208.80495051587616
286.063445530827
105.1972571457249
361.51258828952587
113.31337731169319
398.62480124395654
167.4465425891226
339.2596375492259
228.98189414389458
358.2629943217555
222.09669187077748
344.36403195471803
200.36750665316652
279.73466571661726
164.41015366797492
401.8308504264254
196.8425009681917
326.312993535789
48.485892339308634
264.9505085287647
253.23296476971552
373.1592666016925
112.40155236122348
349.4617169235279
159.2528830441757
360.939358623304
199.86361668865825
384.8298114625248
212.37622854199492
243.62519589806388
30.591739710704843
348.2612993698314
188.38892946714375
282.61034711285123
178.99195621109442
269.80816979386907
135.31725464367128
413.72005702068975
146.0771034133783
184.77029570675683
250.74159331218473
377.9613733647825
172.2660756168926
351.5706097343391
161.3975681155965
243.22608080408884
181.3239530577846
302.8816400845422
176.72917698110135
354.20156157133715
173.48883454151903
362.6042737914361
135.23494401892887
279.93938775679953
176.581490132692
310.16252414273976
145.93850980510877
337.5003441961534
186.5095438322434
337.5157357702455
148.50256241808063
304.46272387907743
245.96276717935643
427.1242030299518
174.08516037642244
324.9791389095254
208.97407893321483
399.99825637388756
153.12164478732657
274.28850219635115
201.62075418162706
396.0484470564505
86.27616049153667
371.83123203039673
204.6577255285007
286.43201935116844
199.13401038125272
281.8706432173281
269.6553717518575
328.8932888672359
219.30073418625005
356.31853353764524
176.43202622974482
393.91726138145157
207.71453445644843
281.09754054675113
222.62108729183853
351.24278760756823
239.3408677135326
349.6508951516395
225.87591569758857
336.3869960821131
128.32142998902805
337.93945388680976
151.07230207355698
299.2575580982528
169.287439962208
289.0861797196801
212.72612544829957
360.7468571269445
163.7578891207842
327.8567059205917
115.00944998824983
368.39945907507865
183.9435441784473
303.89694556628854
252.0759777341272
240.39014813974455
177.26175506513187
288.48001347080367
162.72310214798932
356.91538471772037
145.63897087714545
280.6151620801338
180.65034846095654
305.08668040847755
129.27937914478792
328.6102004931198
163.31015044075346
304.8768550914749
139.36559882227988
354.8194575839676
176.1701688473583
307.58155337862814
160.50073388463386
291.7832928171937
163.4317476831878
265.2845520743506
258.5324318020203
367.1471053978364
200.86701255993478
279.2615312881527
101.4052050589305
316.51468041691083
225.62597870616108
312.72753632054486
176.0517156609422
342.4072825504976
144.5039651622459
296.2868801782121
118.58266863011396
275.42157165511895
195.12130682854834
290.62702044576173
216.4201198301979
358.89523886172617
254.78204422456122
340.95789694545186
257.1381221450039
367.991271066497
171.41726615806357
329.6282670150547
169.72238626965935
278.06435600391177
272.04635091996965
310.4301870137348
231.28231979486634
317.63274393354374
270.3885196334261
340.2000380760859
238.43985457958473
307.82623299011374
258.7556902608962
307.9115955251598
134.92738335052954
403.6138156203291
197.34516142657142
250.56187461699153
203.35805191100332
384.2800417660555
188.1194653934631
346.0336719032648
181.9040888871104
225.59879447973344
125.47331926907367
244.9578946137835
133.15681242163444
314.1344213844203
180.00244520768797
335.17205114082475
111.86633301998559
402.40546279107656
134.37736415978128
403.5045961019282
223.93948146929364
240.23026863404073
140.0465284040124
377.21830965635166
145.30272538273564
301.1978893974913
208.79478976541674
376.51619653846706
148.96491675923392
252.46006369323297
237.0589748897931
362.52359575646335
124.7943243176083
263.4524590143498
188.91461529612016
366.4605523201933
93.33680986885513
265.97821775002177
191.74027317677272
317.1131783622241
159.8593925683426
337.85715567821075
237.95015852033612
387.6460219334161
159.6809101081036
298.11964591646574
182.31392427830778
346.0809284950306
149.18211789423316
256.05763011151737
132.8081068057181
293.6021263347073
234.20558786195681
262.8973999174287
224.87672905386933
264.7801579055342
135.50830859177836
396.6783806626221
147.87976031525855
252.25382578328225
187.0123356248504
228.72131808110868
141.1681703920294
352.45439482703654
246.86765068594292
309.3422671687757
153.17734080372844
296.32591963415473
184.59065943832522
331.12684744783405
333.1167417321176
322.59984670675317
253.4406542800848
247.51223226160056
166.61889893565294
258.3136239346797
172.75445233185127
240.25469296063494
209.48971179408238
294.6023301194675
162.80534980329847
397.3788156891042
272.20457389061636
253.69329456400612
142.40417763242377
258.2233005599213
177.92224042079147
319.15722955120305
241.81944044517303
320.93822034654244
147.64499506328352
321.4310863144122
153.57124103195486
311.59759053370516
117.4135001907146
305.9188978967441
155.1440611329381
356.4986964943539
208.87102853965928
332.8318229319685
240.0696660946363
343.40011905000085
105.9171911020123
288.57563986249795
50.346142250830155
389.9813390916477
213.7102263863502
212.49669029689025
171.55395297916604
347.20940576430615
129.51276407021612
365.62962104350225
130.85146762716258
327.4667208717325
232.95589255018152
293.4048050344737
144.38258051800835
286.5119960542539
137.85412268477972
271.18490946785755
195.57140127393833
287.5893665482586
120.32667750944675
310.6149780477582
227.0183120006929
333.6864956644152
117.24004467428458
235.58393565996198
178.90579084807953
389.52579927275883
194.18432864588337
337.2594723527481
127.04545657514804
217.70209541199716
171.30499708968017
431.1465845798452
202.2642278288943
325.24283996605465
190.55369257519635
260.4844996614272
172.198034240332
323.1099534677793
163.88902608545962
277.34445451996055
95.31709435019337
289.617997598899
193.1329333280997
349.21972236449756
213.38829242852722
349.785557052821
211.13659569567562
465.4258016463766
248.4769440618167
373.12522626856764
244.2331021932819
349.90159275693856
105.06685627020347
349.02253911567334
219.71822774189724
303.83560445050125
162.31761684233905
334.75240808540735
214.9156178257898
413.54401221095435
184.08000457758558
313.9183754788215
115.90016128271361
303.8881031404703
214.64771691353172
303.40852964442314
271.5017697804757
368.88224267998993
191.89584221174243
373.2720446326516
211.74392960122861
332.91778342011895
169.72929586283607
228.97157989251397
262.3921755809994
350.4921228316457
180.68105467711047
294.88153262622
258.1949284641034
380.97089577620653
210.4996666884358
356.9286660095754
201.60897925287395
250.57769563790976
215.62229122393407
329.725511508777
216.85549658207538
385.84879359555794
172.48717299098107
307.592118877273
184.26977856132623
309.40752088316486
113.29758228328521
331.0347003533101
165.43620172854716
327.0292119168836
193.33160048038798
291.784718385949
177.80927559543835
379.5593256712756
138.46967484854946
264.80445374559275
174.66261615842862
316.0992554002398
157.92751196711697
381.2435856246164
74.93144921580193
285.92335996278547
194.3661247127897
299.4924626455372
251.01174371564593
264.4948752597593
144.749286627939
229.16484129881508
198.71213143736307
424.6198231977663
198.85225339443056
302.103897275481
133.27140510349923
365.3391619570068
147.3999222865315
277.48482611600286
205.1056573962621
263.65710157194036
140.5651561118282
430.45351951348334
237.32581247104577
386.1598330145179
265.3230518900296
357.8312834333626
184.52946891361734
281.19723175559903
130.78332884265487
300.626337960756
196.72377128687327
316.19652637750556
261.08850174699285
280.85901021574
261.4486511668345
305.21532642669587
233.91118869933385
310.1962288996961
209.84064010368584
384.76166362903507
143.0572897534685
287.6411423157244
186.74755413786434
226.9587492059494
173.40189045355805
329.7574460092984
228.7515748729912
300.3052355608194
228.94109111696662
312.68055032860474
229.80975662406337
315.5459126852863
131.47911894928424
298.3560216811225
198.72582998465344
342.0622383391664
246.80627509082106
340.6755281988181
239.54935240152136
306.31327322365917
172.38757912953247
318.20601401498527
164.62891642425868
296.8917651036976
251.14655128052902
335.6890500163564
137.09322301777027
320.56884513263543
241.62504315596146
145.6397817910364
126.02513106507297
228.83769756910226
135.874882880885
305.04574744702535
210.3664237827926
355.2493248702953
116.33192564268484
267.79807633661716
209.58714746296783
375.45881151529045
143.25300186133003
269.0831417967758
183.0381857668449
383.07897011829783
205.9271408080841
281.1952251258664
208.16220836463066
304.58861796369405
182.72754353250423
229.6047001224623
66.03236460380553
390.93958505231524
97.46717193307495
411.35025345447644
243.068775126285
354.6544710723587
282.71876778939804
397.73275674951947
163.28136739862
328.1500418507248
259.94755049533217
299.90187236542425
192.77182146611105
345.9661426018544
176.81325577082237
292.4244745827484
268.37052835721613
306.35252788521086
193.2519112787087
308.1830175145217
128.4896185247279
355.18610489511116
183.84295201795788
379.3119692169473
148.34602261937374
336.7971653028836
180.8872445695675
336.2414396251493
98.34677345008116
320.449226812129
149.75042313293466
382.9002133235193
238.93018701461165
348.1041414982663
159.15044402107515
195.5374499988191
140.6510703108792
315.1579557921725
177.67501411717458
470.63792725392096
87.23706248541944
284.45828409253204
200.9269194131257
411.3148725751175
195.92768858757515
308.35343569638525
185.0904992443148
376.8391040405441
199.30694668313754
345.5358980147788
245.1937683313228
348.30015235297907
212.15641732977218
338.6969697268289
132.87904425127277
338.21573210954523
175.55750135059762
295.39763374268966
210.1099421196615
263.8829463243818
247.8469500324411
248.16537747369756
166.96719935581407
302.8146993950287
175.9313149841463
286.2490521279442
151.92735365397985
DatasetEnd