DatasetStart
599.0706185276108
373.44112817206917
659.6596028342234
338.96706101895467
495.6966206104252
400.19046752426874
646.9906943206063
390.1134437018427
572.3904231300456
395.6492070841761
589.1110029196318
398.88306976793126
555.8173115924167
347.4005396015964
611.4346451437699
333.61313360785704
536.8324581338329
282.0077272576123
492.511656632237
382.070399609806
611.0721253511157
384.4932684544563
703.1748605968128
320.76380888491155
566.9390060247094
393.64749941242303
703.2401687333783
440.92786171955663
602.7799330927348
423.10781690086674
600.6239815351174
373.17599924814897
488.41334584303036
435.5099341160762
599.5602364852996
352.03779184507846
559.3535339574489
426.85491103204663
579.8823344131098
275.8425520961013
598.8235400238648
424.761789979268
680.8139424875228
380.3071236591763
735.5293737943515
416.0717056046477
600.9942592349959
367.0305635309292
539.499325374885
438.3562507820528
559.5292356824805
391.9208866743046
619.6184661630805
414.9951829764499
595.7374456010041
422.0011372543241
623.6072899092651
447.32324585821016
647.2508462183589
310.3901200280737
678.301785776164
400.565314092763
626.0723919287274
395.7232759437807
567.8068800752529
402.1537374753378
551.2854454222471
385.699809326815
733.3396473954132
289.8041706491568
563.9175848246497
354.9901810985439
641.7228737369011
374.8488002243921
578.6105383650525
340.1588405869716
625.4823602151993
336.51540264758654
689.2932843245196
441.3446313237589
631.1448713466881
399.14442007814944
580.7550300360155
278.68514878561973
650.9622029511894
417.15754344398044
637.780154687657
398.0388925987066
559.7958860914981
444.41317686228416
615.6012778638138
410.0491236423371
612.6280691696187
308.3115185201623
643.0444394365919
319.8549234363399
588.3377018764264
320.04303934000916
515.5692120786784
364.70415414126217
616.857233972332
377.98205890764785
674.8855449783622
390.99301866807093
640.2386438667328
330.74796070542095
585.208413185307
404.87376499825234
664.0401502213037
230.32762582951307
676.7684395349668
390.5785657970179
580.9832113276898
330.95019894260076
570.2293881942923
389.9433901997492
578.4429559455539
444.27338413093617
596.6528816455311
368.848539671611
641.3883115151567
438.0272809780825
512.5366064762848
371.5585920637673
518.6944530157393
373.4006944815811
643.4909993814564
351.9185630793187
608.0465552911845
337.67279103130454
576.0260783126433
347.95800710207584
580.699835023592
362.4380365047884
584.9972392257126
391.28126112583334
651.612857398728
385.509569138201
605.2049807009357
331.0350814537638
586.6867408196066
320.64251497462493
630.7359151461187
457.9319415893853
568.1193689806493
335.8850895550722
509.64298208088223
363.0893311038672
586.0440346492103
320.1828121950445
458.52589334371567
315.6414902393569
574.590026250583
443.53919635775094
567.7187394702758
314.532941189798
501.6095288896796
375.2448190915072
600.9317119252335
300.54026110141996
545.4781034793396
326.64020160502804
611.4053178719083
373.0107894257283
506.70110362685034
338.296841218891
543.2626889605065
478.2203273945879
594.8623743320297
382.1616420912082
585.2689211069159
368.7820582764887
589.5327918993759
356.76790828695
540.268968586982
349.157740064606
602.4716753819825
353.21576200695665
566.4138021069244
409.6881641514029
535.4496724436906
355.5627683105916
645.0010398831905
396.70859922411995
635.5740189543644
367.82271625746085
448.2703441998685
427.0333792650036
550.8028388643651
420.2929546158504
666.2194738681653
388.03623635632204
520.0037878100246
386.9687139960904
587.4475798001515
420.96417038107967
596.4930991222722
324.86534527962965
553.9368944689329
466.7759525232817
588.2856145300569
337.8796017873948
639.2963941322364
287.41751422011225
613.4509583570248
362.22320717586797
612.065024831909
353.0300554934003
685.0002270579932
368.4521459492346
537.7246548187097
370.0957128363371
616.9468575087366
412.7690592412815
632.911883450752
327.41011771798685
646.7760584850305
370.27252656674966
560.9499935981943
306.68867407462005
584.6025304406488
442.8226143991979
635.4924823708928
381.6012709361274
656.4633729304043
376.45043327664706
516.3358661017297
344.4630308893217
583.4770292181595
429.21954791846326
486.47891385725023
318.6721815184447
581.3518541504014
354.0123391814899
537.0678844406631
499.6530311973426
569.6332188088433
341.7786965724462
601.7530627578934
377.4055731281307
712.4872918325167
420.9314817579067
574.8893358792985
418.18163644682903
731.8282661036544
337.45137163784807
580.2156880904448
383.3985996033295
613.7505176545684
348.47370824329573
562.663914167071
395.2955041684768
623.1804093061501
411.64274633301557
641.4995891164647
334.0394404923381
584.5840360637645
349.3649240996404
560.072442588083
343.541146706105
668.0435816297513
299.78277164059125
570.5906553368925
327.00758547068665
557.7741737172122
407.05786064626795
708.5831889223228
399.47312717310535
501.675472866664
425.4862944196007
611.6159257734129
466.4403040264549
546.7816279088784
369.44258040513813
667.4995178015819
380.71410199922724
616.6514383506252
366.70439580594785
543.7767637879834
472.32154301812716
585.9561138183617
370.249328958584
641.9089005430217
368.02539534319885
547.6383259037069
414.56854117099647
550.5275959878004
367.5565003432156
603.1065775569524
407.29931316980463
524.6148699250479
247.0505553938669
565.7592443332911
334.39866922402933
566.7530537685956
419.38492211337825
547.1323609864346
362.9926610041554
621.4247288352976
413.4092191778178
645.1899099095992
390.41911926864015
602.807077292288
369.8625584161265
588.8240858348336
423.53670451821984
580.0557405254978
378.0375490222956
586.1770407688149
423.6400422058193
602.890568513677
350.743975140183
640.7610799594268
292.01224818245447
675.1162191194252
378.744077485837
618.7917733414527
427.99972394859634
647.87249559891
340.374220135445
574.0919532899609
323.12523330893555
546.3558717288294
326.68934274201865
654.964524537593
335.4506933782269
623.5757333329441
315.63917794898333
715.6352849599562
376.6167704444825
616.0845863081827
284.709798526374
595.7126253971704
354.72255174704316
656.5937254840875
355.9301434357273
506.8808028517092
444.5431403740199
540.2709662926043
409.71412077424793
587.1145608486326
407.1836188234214
485.95553286978395
324.83826856707344
628.4825476537358
293.12377487522247
588.7510877885692
361.4542415698021
601.194950753236
447.7999563273736
571.9894008457622
373.97828388415405
594.8820612058047
387.37059954625596
613.4471502106469
425.3424126990148
607.0792080599051
363.79053317299724
695.1645064667993
490.1571502894759
609.7029492547099
343.00358356831117
461.39018577273106
357.6726409240329
619.5469671019764
374.66289342252287
649.4294612484523
381.0369099703402
600.1164175957512
329.60419261097053
544.1520584258853
367.6812825117417
631.1034237237055
429.7980847866437
622.0518567026742
371.14262414717075
576.3546088798333
422.40893870134556
589.679933099119
405.3995757663437
562.4887741265939
343.69128722834307
585.6063818841229
303.5524697829911
705.5781926895207
318.57988521090465
545.5771009965632
402.8303560015257
575.5460989494916
354.24550239246355
618.5356718143182
407.92146174101674
580.0613453773715
373.68116313584784
555.4400695182892
410.10000495551895
597.0725514907274
424.5792627756174
596.4494945741474
406.95151855030707
674.3793188580634
248.76209811264948
640.9741978347112
423.26105166885725
637.1191362989524
278.85770365720816
656.4154675322793
366.82694871987115
484.96791439310215
444.18764866630676
754.8900432989785
365.3383627094242
624.0650434957737
355.93740822618173
565.1094585152011
445.3445071372299
458.6825866873247
436.23310203251
573.7030634391307
321.7785478158958
596.9488258130613
302.04146397318925
659.8292136758025
368.61327833889766
699.1696436301887
309.0940780416806
610.3856751290865
405.6119178876102
653.0495920841838
289.5642383006786
610.2861956217271
395.2031279637801
612.3958301285876
510.9340968596249
595.970419913635
351.6127465113519
588.5392285695442
333.5608434469904
599.5669422678938
294.87110334797006
645.8910858788323
296.8101721461437
634.7205398898452
331.73057328999096
523.9992355264853
342.11643968633643
592.8489272425378
315.1865514885751
552.9260821378655
406.6836048740384
686.105671721342
306.0355284094758
633.7616777026817
379.21177987316787
584.4718326526458
417.26657683628264
637.4655198087187
352.3190222777821
610.7034182003679
349.56124911304914
576.7837749492708
369.7652384937597
666.0929663795654
344.190308423258
609.2632088740913
331.985178724319
545.1835043679841
374.23466332551965
549.1576662862758
348.99051790762104
598.0979800703393
410.2658913298965
616.4934135819271
299.0801293638482
574.6163445842363
363.43424400944866
632.9512075609957
434.0026783530379
626.2135324458529
401.13658336030323
606.8683630681095
334.2279747897298
512.5136223290187
385.20248793818456
657.8877216261772
474.0804837519893
622.0354694686675
336.7599743202221
573.9038002000952
354.9714183866473
510.1417642381394
375.43630473940135
587.5750896595665
327.7023853816278
645.6579395065179
349.9850331456537
599.679453265658
297.76622128152866
650.3298539208389
384.80725322005236
537.3476611879096
326.9386329627677
542.1288182309038
361.14758211097603
672.0558559849093
314.557272354178
620.2578563057282
367.123771724112
570.1339170945428
354.9613394896405
588.7260086627738
400.15397952629513
552.1404172022212
418.05894116611654
587.5210041006883
336.42562341582425
514.8701850696696
467.22853712806517
713.1582090297331
409.31044359939693
705.6523955584638
437.0789549692622
752.1119747058702
489.27604858044384
671.9342851109136
297.18594533895566
585.0765120605031
429.33977161321116
529.7468036320541
377.6237328376183
604.4530792328189
322.3103915467681
590.1100165427455
330.72634663996223
572.2070256739255
439.1882466384832
582.054818071366
364.9751728781672
667.8964235233121
362.59465521637503
603.0464884025648
408.1523069424603
480.8809732782712
325.3586688692957
590.8388912744463
404.2471908805367
547.294260402323
471.39624754346744
577.1036695475079
327.03541806804736
535.7814859147301
391.18964134191384
676.8436083381517
513.75562257687
634.0238636973755
399.1169600956571
491.45902944296495
427.46763300026686
629.8485809905632
395.86977223899106
655.0245051361844
468.1956477249752
562.5835773387586
313.84375828974765
596.3416007030158
529.8187293944927
543.3213061783632
391.68014038783804
656.7619836919158
421.3494546892046
564.3142550779639
309.0091772331091
565.4983345784298
308.64494482192316
653.2488760464516
362.4679857068393
569.4773312004587
435.37047447866604
613.7438556042348
357.7726070342062
650.2287430550148
435.95841900119586
654.3163158448264
487.9281772766103
670.4171799637
392.66430932693817
659.0706743954278
401.73303893561456
519.6858372746931
362.3635648256966
500.7623989459695
279.0352816696775
694.4703652810667
294.3905698331007
578.557592010774
363.132091378908
552.7424152587408
421.5895372078359
569.5709062752106
358.15104916691723
576.5249643274208
342.0854350232315
626.2406763996203
399.5014104351907
655.7703643838072
404.52678458436526
608.8579036849491
366.22907369677523
583.9250650086996
346.1266988874171
577.0566698899062
322.43532119776444
556.5756820514347
377.2594585536648
601.1272654374399
342.2033283906369
673.8294042765531
389.31793733619094
615.9721007023029
371.2546209683156
601.0004181366446
403.2515357952589
625.9667375748533
312.13449856773605
560.2493001326934
341.3469800041994
620.751933682702
290.28310694623644
517.660392368515
361.63140007307345
619.1748854351113
345.02589857095364
602.752011877539
397.34058315419423
581.9850134244206
346.04792980464794
537.2617091233769
331.39742942027505
626.4017014237749
365.67123999903095
642.5188349276002
373.7440391325456
640.853684380772
400.59905592576087
610.8849267305999
259.7923142384552
609.9803115258086
424.2550503009172
647.6632607401498
322.4073795060186
539.293784630132
351.2145103340792
619.1142882775345
449.9811916301762
610.2037022470541
422.372194118344
537.3766902911475
358.6259854817424
636.1726817803598
354.03528623809046
605.8159078070154
374.8525366118467
527.8570595406275
406.47822992133445
618.1625884399081
367.3618273542434
572.6624268021565
400.2769576997689
606.1997909743578
405.90415289368275
565.9985072353084
388.561445845517
651.6915792662651
370.9112664286293
534.9467387696792
392.4685902190856
583.1829701973398
385.6364944653767
554.856883852121
406.94042482667936
583.4560986774167
431.020213257771
601.4164347743231
370.9593646318377
638.6831547866581
386.54633041313514
632.0223965821916
336.08138224025805
649.8555883725811
352.91872486775907
559.8315529830298
367.54818251167336
708.4674603863962
469.2001632467514
568.2251924252572
327.7057749981644
607.381470108003
347.57275504398507
614.0525736427949
348.6126224482515
556.8625652618093
415.7879890305571
590.5182183176684
287.5110726367477
625.4803542492645
336.1872349622411
522.3876371669969
315.4805453594807
628.8452416943181
414.3975191044856
605.2883300740084
342.49758699090086
627.7793569801042
404.75774455870885
629.2767236818303
330.9087102234047
537.9786930019229
288.30559301079506
694.5376475826758
346.1443278820856
638.5672944522897
326.8602268798221
685.2132990023647
335.60461579147625
650.2523918098514
404.6702280702784
566.148263177288
278.5762605729271
551.8198085893481
422.96425347816927
573.6439129873069
345.00886600145355
646.5274071712022
361.71904353807696
628.3330185726638
361.2871207400614
596.9640020032252
285.6080080929941
574.4979363183361
260.83105228921534
595.3091873507725
403.18399988986556
632.6678092452092
407.30785580596915
560.92894195113
317.47247573395657
579.2661212039806
419.55368058135673
604.0749221459054
272.2449335624344
618.2338021080448
341.45343125031434
531.800782244362
405.710178017088
577.4673315675743
341.9658224075214
517.6094511482124
319.8905154052917
661.570961684215
405.80813462665884
587.2833077719688
313.8698765595047
613.3394304126228
465.2056611911424
541.1452297219473
386.40641065920255
615.8398881981814
407.148960402713
496.42842503186876
313.5733794188276
644.2179685854036
332.14374353884114
617.9090926628763
313.5899206081546
537.6219222642998
336.78327774442977
667.5144249278087
355.80866768644637
561.6750935726825
466.54777600933227
532.6701470467725
229.53974110914191
631.313398069716
445.1666607628373
569.5269681450991
513.9690006828097
656.7315382966599
348.5327905607908
614.362747107863
317.3462065993229
628.0430858788519
479.7881473880128
563.7091287609167
355.4278626879798
593.9788416363334
359.85422035941514
727.4996166137537
369.90192628454645
646.013186505829
429.1879518618553
625.9815846117815
331.374153666542
643.9890675602921
380.41707148398194
589.0112185924842
348.5963866589197
572.8750266183542
388.37468931303266
634.9354790305159
401.57287979724236
604.1088530939638
437.4935652213412
563.713302075632
413.353655679699
567.0761268510636
318.7111108479635
555.6885141097471
420.3901026460488
642.0687906250606
350.0457235087388
522.9891255503758
299.08330018925847
581.4977956123613
376.74626895659924
603.6221126403617
358.1722584281393
653.3454704258785
386.29102424636426
658.1706570882455
391.5955507331759
591.5550094748231
334.3282781006187
615.0978330389491
355.0451270177637
598.0575988125173
339.96597040032236
605.1937575628523
386.41937959240283
630.9899883426822
456.1322665010938
509.24173282773666
367.5684253137806
655.7281449913029
319.14402372827186
641.7032463492064
351.4448551878193
645.113526837737
342.846500830996
645.6419286156276
275.3091606106342
646.5842340782033
416.7511942718747
648.0226219322926
378.91142890035434
625.9332426999489
336.4876966516264
501.1011199714636
401.21698313809185
522.6076029236236
330.16999773406786
638.0268154847147
414.19737826336615
606.3999768164257
413.83988924985
591.3449200028067
359.11912715771666
635.7425393572579
342.80608769712796
611.5441647487386
379.3946846722346
580.0070746850234
372.92705888475285
620.2659687800046
320.9812160480916
536.3042591227319
307.3073351079171
542.3953523319325
421.51725936685835
601.3780802593606
307.3705399957917
550.8042663397805
397.6187986520599
586.1077882127681
354.2928357431544
586.7241615292802
347.5806134961529
608.4109563426898
369.6652256766596
695.833048647873
360.15281324192813
757.7992513841197
327.51958730698703
640.4941448848953
370.2688575978595
562.047951626033
343.98527436836576
619.8637844537626
362.99522890922293
559.6275058619248
347.1405071631589
610.565433314395
452.8515486708573
560.5300592383325
350.3130828599633
626.7355788082396
457.5498267183815
599.6402352036063
380.45391856427494
581.172366703822
395.6630734155704
622.5917342796404
378.8187395090626
499.1730975760636
419.4430502965476
625.2527206676934
393.5004191550701
559.2248035199925
409.48789516160593
534.3213415776254
319.4370541584413
618.6877918268333
380.6664388872931
611.4136482911499
381.771257075304
591.7975543558711
388.85939817568
612.4141588425636
431.8063814481288
595.4757438592164
365.05183042196927
577.260757941907
290.36112428115865
531.156469678425
404.0477037358303
606.38942213758
419.5166485644591
665.9496318371766
434.2283606571754
498.40102286226505
335.8151242012229
486.1052432539007
503.05747164885236
561.9131920261618
347.0017217908593
552.8561863987777
389.2222923918906
582.741018218357
393.77873916095297
580.5590310509974
344.88157735305265
593.6302938625506
374.7705192939454
582.189849087632
422.49794013155736
523.9533717380184
317.7683330255622
643.1194930476387
337.9047906029514
558.5403030573183
442.67659734377014
559.2506196371664
399.8925038444252
645.5974141445674
390.613571357589
537.7352173750548
436.56873456183615
696.2134133481501
396.3647502847004
645.6398579682851
257.5946774107998
549.0493763054768
363.5179232347816
577.7173503935869
328.2529506081097
639.3198045069878
343.101030210267
633.8949303260368
350.14634252669225
634.0158562815645
371.22848774630273
553.5213682521592
386.29226083021115
620.5322005136738
388.02797038790544
692.145821172735
354.52968520233196
612.0762469384474
433.2408742797774
599.7899504187967
433.42611412054976
636.6517937842933
461.7359661215292
576.4048616547221
405.31190023877446
636.9532123364804
376.9945535693688
564.7397053169944
342.8191230278999
649.6474017797204
423.40575442786405
617.0500786705004
383.2387454010399
633.6483101284343
310.79889442511205
569.2667538220791
486.4656812758674
664.9445405218689
417.0605466785502
697.7747470860945
260.81555951142093
644.7767803043237
303.6744659784806
624.2387303394108
405.4290647914187
644.2756854100957
392.83123796422444
570.5994186228113
330.70425782343494
693.6621414900549
259.59377991068084
634.4436561446995
307.0612727727335
624.0612915464068
402.1602834173981
627.4953799068209
359.6540926726056
525.2493468704793
399.8785580309013
642.9505349098947
342.82919508978074
699.3432567939858
288.94623414281415
632.3113596668679
445.5599269291439
696.2537217891839
352.781297008805
581.5496741980321
295.93276597429895
717.2418373906436
243.60689431220695
623.1619397184288
396.6306800455915
546.9372234580801
327.4816786980352
577.563966043345
368.05430126914916
610.0996552650041
336.3519230488124
682.0843799967886
312.193623334541
573.5848649271117
413.72658772046725
728.244495578018
361.44643507194803
678.3767842313486
340.5053477757933
621.4129041398842
333.6775532392846
683.0176311025532
301.96901492217114
645.2670802555065
292.07509750820725
737.2577650364077
258.6090309853498
578.3867097822526
352.0655506663089
615.9305865906525
346.2736469473843
685.4674821952462
241.9086231459162
741.3605426517631
367.6419872927842
751.4710237102842
386.1079890496449
643.0054148354639
331.82912604437826
608.2460484283149
340.34071948535563
602.7870894007002
317.0943541888508
752.8977502703138
314.93275861990975
652.2834136136255
448.18496153771935
657.5284561326728
290.31149895167596
696.1584204126208
370.92858012184854
671.3693082752865
403.06352274075607
673.2200464098272
344.1998466810916
669.8339310423254
306.92268481968694
654.4127058679467
342.89478217092403
628.3061861254657
359.1780835115084
650.031137130416
345.9776941489021
658.6598062463394
311.92867613304463
734.9711715665546
372.9246351319383
685.8142778224161
318.39831208564965
788.5386460573407
438.7290521234602
642.691490696579
368.6869003808734
648.104422688046
289.1162947537901
686.432533198888
325.6933889865735
655.8738141720715
463.95806828288335
639.6476462890879
407.8775860422835
644.2099410217141
289.64526919302415
681.8490018873806
377.9918948839839
686.2336745824815
352.92278707606494
625.3713769165159
392.4407837386454
646.2123011707012
362.56142962479163
705.8934383465881
338.9556130034285
636.8537212741037
204.52083016796982
706.8372488106345
326.0697039148885
575.6513532745231
365.69884761955717
688.1174037555884
351.051964067381
671.5222905243199
354.0862078720464
581.3566964026152
283.6524484168078
626.7455065591053
273.94911461093756
587.5277484404617
268.21982039697093
691.3917248913635
325.3242773917359
650.8407311527703
382.61142099925416
698.1257484271159
302.8121067561145
672.2805997685817
220.2143562946808
732.7209436768062
345.8192017800432
676.5055521140767
315.60770595459275
671.0744931113733
302.859614912961
714.1032707437188
347.0225076317153
666.2857123863316
378.0479170185516
625.7873270972717
353.6881370376224
593.4337711731695
376.5942791041635
620.0086826078999
327.558536497637
688.9964953251165
337.7054340925979
665.2628042875409
300.35997398029355
792.3278400314268
348.9027559528558
644.3431546827537
249.37664958850434
703.2030485391614
398.65618673653944
635.6074375438607
267.3131255970919
632.1844142209268
277.31135882983153
734.616559517324
402.4678623143833
680.4317480598751
318.2190447982563
603.4880387016623
280.6695271204105
615.1584364543129
308.75691760850293
617.2887905966293
329.9425812460355
643.2113238532725
339.47623165461886
676.8925349577694
322.686207743779
636.1814093746444
378.1955116055917
711.766374268984
319.14773919367985
693.2498962547534
293.8960624328181
672.9716188047353
334.0127038657516
611.7769742687965
407.54086248138714
618.9028087183049
328.3247154949819
649.4492867690601
270.42029888876874
628.2838771038618
262.91860325889627
606.4252551747718
360.79240091139184
690.1322767521028
355.09309838574455
701.9634969118056
396.5530954168096
670.3226022222641
325.25791626052745
591.9870303662885
401.94136694898305
621.8809190663351
301.64380013467166
624.9115029612581
426.03545413620765
803.1597907343865
354.06228640377094
713.4013345077481
263.58689845261597
645.8406147840825
344.4500527309611
633.2410150086682
274.5488444356375
669.2951383917028
348.3629959455408
663.4440715758994
296.27447776491874
653.6494748275372
303.0332177893217
688.890008678283
390.3539838831452
649.0200046327909
268.9590951939409
587.6676937355862
388.6158428751029
718.042245374897
317.6004645843419
684.6191121796581
325.85358421513575
700.575690852486
333.6445391663741
699.0473780066789
361.7597938182393
627.9900314725668
327.89813463043197
542.2576733578404
363.8422360601816
611.7682217758432
366.3691599734275
741.4434212295654
416.2385899913205
666.3810057218301
386.0707737351223
616.798543068294
318.5175461753936
658.5337202938141
403.60342803284266
688.168055454935
344.0034774809675
607.8097451486449
264.70631242433467
641.3453577040282
384.47523467718776
644.7345830490382
344.4373771902521
744.4821045472837
370.2949272537261
676.799711211293
384.3228181872082
658.3673005824651
363.40259247446704
727.3885094181735
351.4630179802986
625.5437607420092
321.6553170844662
601.7087406074518
339.0552153984452
611.8760017501816
336.7543675664489
640.4834882173212
359.08540281676716
686.946388577781
320.7262588293997
654.0531957430068
343.1583985178477
622.2922871873707
337.4501088447922
663.391557894717
230.19519448646366
749.5691246668439
391.28099719640363
657.6852830301802
390.6218554088714
587.6215706025383
358.87353907822614
526.5209619082118
282.3367942651486
655.6106307310746
251.22804624404233
596.7654892485133
344.47665928449425
766.9049815675958
350.2735112080705
559.4796399286482
297.8495270732519
708.3836751335966
372.12952824644793
638.1209748512883
354.6154494308069
560.8221593350218
311.86599083161525
685.8752054387967
361.9924423854623
707.7811224037498
350.82229015790955
610.9285851861999
271.4062021683641
595.6484280445218
405.1854373428614
620.8719098879217
293.7334981503735
652.5378196522624
309.1151748600562
650.9825583239221
275.38486940495113
673.6118939267276
327.3708844094493
665.0102219812744
353.61386779856946
602.5633949938715
339.30850374483407
668.837652097282
359.76946377815995
752.2981737958222
349.17428417089224
691.2250279992921
357.0572184134615
536.8391336524567
303.0766622824546
721.8775382724976
410.12792507008635
667.6490062724968
322.70020806967784
608.4548254448587
321.59576607715866
640.8672653091412
391.98509732766576
665.1130759867174
363.67306343548205
685.6302657847841
416.6606296135775
663.4615120555192
288.45355362670455
674.4806478064546
432.3754054733753
655.1136317865868
305.9674805324422
665.3630142076356
326.8170625710408
622.0077779623902
300.63681246878934
579.31823807525
363.5722267434304
648.5968994663691
330.5388760012973
596.791691691548
329.43864179210976
659.7225875696416
276.4061530068319
698.8295920657156
372.421119242356
699.1347332238695
311.9921046767498
753.2809376247171
270.33643103032387
714.0563753404977
234.2115638142322
623.4219278159969
414.89342214091573
733.3115453662928
320.05579304946946
699.9410221193124
363.9655781467186
750.8032098122204
349.35245108722114
660.1353053713271
336.2255854717909
588.1538917689439
429.68060969637406
685.1258473384744
381.03018673824397
661.0291568044006
284.77906590918354
639.5946697743037
319.6999398353936
634.4231283274895
287.1505829748369
673.3550723730865
385.44187911967964
760.4236024564053
365.7781261057879
658.7859128783236
290.78276046648756
694.7985020083761
301.3216333018777
768.090479331906
273.7029212530736
723.0751438971399
309.1745123001299
641.0929722012781
354.7327866470228
674.5358466908076
351.530669837979
653.142485637222
392.2172060807775
586.326882424507
391.77250870502985
639.4914691761655
336.70161623616667
678.1464245094589
260.09225136076503
644.9774979607752
358.2303499127584
694.2986184630893
371.9458809279971
714.507642896855
284.8528151113754
626.9194292899812
357.51543674225314
672.7645388219811
296.2927841032596
638.061303383655
309.12957973240947
684.4151151979704
369.2835322446723
647.5244150965198
398.64981953828277
613.0640103437544
283.78700742803983
606.7757426206651
299.587622933115
633.3076362953321
288.1812387151897
594.1497732671648
375.23017513228604
671.2328364628204
402.977658176488
692.3310889463413
341.83317889364963
695.6353364861418
169.71761672242982
690.6830401004408
373.2984949790338
677.368495148508
286.00852746236933
592.751193699409
277.5676669727498
717.6004786448145
356.5272313070218
659.417866753965
271.956207518097
597.5623388460054
306.78847010649037
611.6158080160791
407.18698761087325
685.3396117244142
322.7768815250409
633.6099878145005
397.0653255982331
658.191677929502
303.98196329876964
707.3793328653579
382.3310788028012
705.9160064603097
329.69850331252616
646.1018927374473
365.59955283124947
731.7832126916079
391.0791873574021
672.6653967754679
302.8972667373181
706.4703470371188
361.19013980320017
763.6684802493675
418.11313553765945
717.5512032268691
311.1556974101497
603.7931932165843
292.49711258180076
661.7331688661167
401.4571680204872
616.4762964661302
321.0829984508762
670.6850430529751
307.6301843038079
702.2831728428088
290.51830721484555
690.5059189344825
334.2411103135329
624.623428964606
397.12884550826055
614.6336611460933
270.5434032825707
645.2335840548255
307.63390926843755
615.0208641661815
319.4308307390804
660.1652613754807
298.3399178925675
680.8561716658943
323.9540588549295
649.7110091662387
402.31284495070133
548.3464366059095
381.19011786523936
669.2576105767558
286.55089613608123
668.9573294808803
347.47056663997523
580.2335109452526
324.1929313811997
628.990256825937
309.1467427374015
698.3545777012166
325.90249688842385
708.6913517561376
273.53955736989616
675.2735010152979
387.7940671339966
640.5198656127324
367.30208580163446
760.5185795315492
318.759314827397
637.1545703646882
388.5348855504607
656.7126287157728
274.4141071658242
588.6121419464248
275.28848240309213
723.1606874594399
297.30647185768504
690.5011330901135
365.21446921325327
620.0577306809608
342.1388553864415
649.9468012736743
415.1890572533687
603.7383355549713
258.34940136911644
706.2886107888485
420.75290232626196
636.0331483204259
329.04072529889424
669.2783730917271
395.5227209966633
566.1787427570017
337.15667242931744
652.774044220861
387.1369087340994
722.3030166231654
246.21771801110674
677.4763849529613
396.114604542563
619.3077223649206
372.7668650519367
670.5443563280597
317.51227636430156
711.2605739319235
224.89398438291124
587.1670196735412
388.1247209235817
592.5689915065881
289.66654436156216
647.4735584237851
427.9175052478137
673.124688234632
360.8285813070328
647.0715637947255
345.90663232310334
617.676559404232
260.99252726758596
705.9966126052055
338.07500029003677
698.6313209981508
252.54115738108436
689.9912467502315
248.08748289174784
784.5580321239349
272.83456846681054
652.6756161983698
361.1219198138407
761.8424960546565
255.02046781155082
589.3366557008084
377.5124316540635
639.941971363941
345.7987688049311
689.7850106647537
319.69960771050296
681.6047095574462
365.1108160255154
607.5201987958791
312.78283872049246
657.8746977471617
384.1557852380731
701.9204034578028
289.93401431586307
697.72408027998
287.17511343348355
628.1149152144458
342.81418234752334
638.9881446686262
301.2128415197217
755.651102722411
347.90848182937646
666.9636588837793
308.51762440239423
620.6636447367572
391.91709367099287
706.2405926028807
260.0874720943792
661.784734914018
337.42829142666545
637.5884722757663
346.4660402458204
657.3223248095692
362.2185038061295
720.240804964016
292.9535801087501
760.4415263972154
393.36871675443433
693.8119290468619
352.3557026046611
714.8182903760945
270.71645268659506
772.6969899887272
337.50083910639444
750.5852528664
312.3329140487272
641.4062191241915
344.89541252893747
779.5045956474758
287.1626157370099
679.8314400349858
374.6921255853165
679.9337715509055
422.08980081090334
689.5452621220645
307.23438793842195
661.6974076781094
267.00617313779014
610.3289040414681
298.67161726707974
691.640732261407
305.0302977284259
635.7781681893081
351.8216414876613
646.0589999692928
372.7278443448895
629.26271896535
330.0684826199641
705.485808503188
395.39937300163865
709.0050895297942
399.42955232472985
748.9138132023104
413.92828385350697
731.8852911926133
334.20493107438443
538.6859130182493
275.99319918660774
638.0255769577927
321.8217516177685
685.3928809369771
393.6227146544084
657.3195154496686
310.7583072812668
660.2883639771457
301.724703826206
742.3756413145335
380.6874782509184
599.4510010264175
321.4041931284686
638.2179841147736
282.2446636245394
625.146806505669
403.61730871159926
719.8076972924617
327.14290150845983
647.157991050741
308.23903359846486
654.0638939196924
255.1461564930912
697.9937792717178
341.90464498732956
712.1427783433508
353.5350109036703
785.4853064318136
332.54188047822146
613.4157300065542
381.77847028167054
740.1597706983314
341.39858342102406
682.3162527910553
360.6446319482233
679.5897973782685
265.4856321966013
660.0033308200474
360.7287108461531
694.6084402584161
386.5543892506517
682.3339788654755
281.9345846567421
611.842389241189
339.7154732393486
593.9617796752045
295.8110441903882
654.9530405702257
385.7898256677588
637.0434518555975
240.99587235229043
522.0694482356662
305.37065389636916
681.1377331487666
385.36395635520535
709.8065255224759
310.47861396762306
728.0332618276268
309.7908742187177
636.4527159783136
364.105555855494
625.3529558953488
321.8042209235378
600.3162534530181
304.50987586330484
675.3926842981093
428.81063403560574
667.5546262448561
295.49280869308245
636.9277196841741
366.21278694855806
636.121136195907
322.12817928833823
663.092904972628
313.0017445587444
579.5191471602725
385.510383657538
663.2782691951805
308.2165446291302
680.4036978955478
363.8365131878257
652.6103986201975
374.975686677894
590.1702462196957
296.1744697406811
667.9523458060333
384.00071089002057
670.2133693336848
311.95187786863005
601.2741999073246
389.730977315645
687.4020931267337
294.996055708391
655.6016334061903
282.01715407464644
796.5382617118482
306.80379124403
622.0556643196734
302.3369863039937
678.5962995332002
428.32262129471155
667.200460505915
381.685900198252
711.9023405667439
404.74615748736346
586.0627364699931
474.4456248292323
534.4538141278988
345.32496959836084
668.3371803897045
361.9385324326454
651.4430270816508
280.59588728525756
724.8378417348737
440.4608340956341
702.2040784478063
324.44750412745907
623.5057103968581
239.2739005953258
616.7289905160255
292.73389312352026
704.6427032620339
400.05754824095555
663.661360129544
336.3208613289231
640.987100233573
336.34609606426056
669.7994943170055
293.3803906911434
628.1320353786762
362.34156880363946
663.9133797329886
319.54703619989067
698.0707876785601
391.25943626670585
621.7131809585613
362.98889264417204
702.5384524770592
382.3852673357476
634.379478725569
324.2972044118215
595.8314533660654
304.20777013087104
625.0927989755693
266.23232336921177
715.0824440238096
339.41412160789076
686.5155433282605
415.5594523613079
570.7895884094962
330.84011266697917
733.3435829119833
330.715987342412
695.8818412302162
269.1754170153363
596.3285067981797
305.35318384038965
716.1488070481097
285.9831275488629
691.8211649889976
328.37717802329865
707.5371651734275
261.4507454266565
626.9422012785557
264.14071711916074
681.8425059154924
307.22891260591416
639.0393109871769
324.121817589149
663.3406443034962
351.70567987172535
668.3495625415463
423.93990405044417
610.678465428522
315.4436034411352
685.5134988443657
374.46244695274385
767.0643654814769
323.3967570785964
598.8467328802312
304.0480314466
662.6421898356747
399.27590406919694
691.7033814346861
339.85289753002695
575.2515179389773
322.82354790223917
549.3801417927607
322.9396790595399
617.3518203958969
453.58837162987044
679.342828354226
319.9366275042708
668.0996393476286
374.66033855539513
641.5738229810011
333.70405472717846
666.5223839253706
392.81687113253827
512.9351860458335
354.1473405175468
691.6254827423843
303.1327748377121
607.0183253343575
282.0391126101154
681.2238840327823
233.28284668199802
584.3353024946013
266.5332137583533
661.2039977661882
315.7439814002954
642.1558493293232
358.26191143050676
672.4846503195865
240.8894954137863
649.8232628580006
305.9352910954214
686.2095829240411
357.886685105629
652.8590592633404
314.98464586688385
628.5591831051196
309.5309122000647
740.4343123288027
297.88861574649803
632.1229002523321
343.2906735028304
624.9885206818421
343.70082696132204
573.2028729468146
300.26708996298055
582.4232775322962
435.2731029431936
618.962100939354
339.68556714703874
673.6742887310711
327.60982913860414
604.3124448170249
343.32881477381403
784.4304472507695
422.77947900380184
654.8369272528168
330.1388125834099
646.2819750319372
269.36502227870795
659.1699655248938
368.51716522661417
706.720138177987
405.9352741357543
593.0627014170066
322.15067362648057
595.5724130367728
411.39668157571117
606.5355878457707
366.49300489090575
620.2219087988719
290.37434755047434
735.6672744422785
352.064036817674
577.8021551039983
301.0932597113444
665.4373760487357
347.92849272124715
698.9335462230076
354.0859585848783
599.25886152863
334.3483245699467
797.2072673425133
348.3156580729308
653.1629305916787
225.96097643933857
838.5744927060164
375.1127315940994
642.5823371696048
290.60796049189844
699.8220989306631
312.2307994564357
644.117484834749
384.80863200100026
598.3587341861312
327.2869643849117
683.2007249867536
273.17014934807423
677.9002056950792
408.30429419120213
635.9285632711391
299.32587613802326
781.6370441489308
397.96126347781643
717.0933102413634
333.8974766772639
688.7009891203953
253.47134412668538
659.2369307567991
296.1093990732899
659.6247258282638
299.8520831243059
710.6267980423808
389.27387227114536
702.2212612700935
324.98087682018013
596.8035681508835
281.2370150702303
680.0395123727426
357.1529325807716
619.3753942292549
303.6264496229678
615.3589753070909
291.72823943548104
607.8619513722524
377.7176037420537
613.0827767047574
338.1347040259543
599.4221197610406
350.13682319468984
593.9094256056123
266.7321110901695
605.3954502101074
350.7466732010417
629.6593703142695
334.011417167751
656.1623614840984
327.7150772916676
603.2219145920401
388.14296585063516
570.2187776796255
382.79808022769583
501.90936929282157
380.2247333349095
427.7060100602349
376.25633682203204
533.0548269234243
314.08564892017785
479.47577747974583
415.66458712009273
536.6364751241497
326.518619158535
569.5136432550057
351.00262598999427
429.87167219599314
416.33428652583643
537.1759826623442
412.9590178623019
483.57374080220814
474.2808301604184
535.4363182371746
393.7991029750033
526.2274253189203
332.95029674172827
510.11094980558323
349.1808541140121
494.9378966557726
377.89006655534513
521.953404058204
435.4509412412684
530.7712299683075
418.0645240334602
526.3241611090746
401.8295777692145
549.8822786727836
445.2287666069684
507.93436704926427
447.0178223417284
502.06397141277523
316.44111943956904
615.5561146451914
397.3340343687612
457.4571994696782
363.17590555257925
459.65873125620703
410.1826456517424
467.8160226253301
450.7116780671682
441.61995527508935
351.6433389634753
464.9555759685661
400.552496629923
452.67446048023055
350.6927407178515
412.28082713614566
361.9996857963367
502.5598688659509
343.9642638145797
483.8778689647237
376.0700913297706
500.3840065092094
327.38624861829436
508.5968120016233
463.8451846063067
527.5625973025576
443.794227690054
465.34174891364694
451.27296395017584
418.0525444388937
302.6455489609393
475.7542061895628
431.08835785711506
488.4928138622486
404.97325505490386
508.75496564138257
500.2312365985455
579.9912826898882
425.90402039795197
405.2047035022672
353.672279461784
521.2871114442848
362.84635089902685
474.94008555850075
424.7953647146081
553.8599130940352
411.88707651958083
465.79492341441426
515.4726796322133
409.81404002098895
426.4525391171355
566.7007026402064
326.0731775902893
574.0363714332667
362.811626689054
534.0585620285021
384.46439257178287
551.0806028850686
418.88673893490505
480.07415076060244
340.54336565207734
473.2703155055295
347.78289207861667
510.7199484282005
427.57057895043425
467.7714677955937
442.86694098131056
482.8678082738681
312.25618489596025
489.842764014828
424.014552519955
422.9479068195874
410.74934758589575
437.7850224702275
514.0355459553863
491.77917625119056
390.6364374926036
535.9841787457673
424.48551603661167
536.0597346049775
412.819700265563
500.86938276606384
437.7414860424651
377.1460784794174
422.94092805402187
498.3106402450109
399.6957913273866
477.4605030516359
475.9138620889534
556.0103193035802
454.030378795386
441.0282019443835
449.711902105589
488.54383846478026
467.99517182869596
523.1107383775467
329.7443143687272
475.3403985119224
414.87109420720907
550.6872957433648
426.62303583722286
403.2705790235058
406.508516563245
501.982947181174
374.9795012394811
470.71967203007983
507.4359745970228
517.771507745342
449.77055790419655
509.0763691934235
392.493955649794
504.17450547388756
380.36065326212474
478.4237086755286
451.8806955470993
469.25695809057123
450.5527828054071
450.51311393236665
402.3907886524095
397.8440437546865
384.8685225925862
538.6065503794118
447.5405131586746
564.6520520251474
426.67774193903676
496.3341039546403
395.9929116334021
520.5136014683134
473.34018728619077
440.63857782168833
351.0444814278362
523.8889025559323
416.71396495353827
491.42541569970365
373.93523215545525
539.9775979920396
488.7872187358634
460.1980269109017
445.25543392654777
445.35634917507576
402.8273887661015
554.54880978333
448.7685428827106
509.68333845689904
386.18059467803147
522.3471160569659
414.5926817507275
567.7828737880646
380.8840743958857
567.7655518524592
396.2664949386053
578.2407792104462
365.0173499302068
571.5359591465315
345.9109264733497
538.3764424496328
389.3304096273234
565.7113907021776
489.00053762008855
495.49173561071444
323.9599607426097
441.3535390928714
379.10451424864556
480.1015684270787
434.5097748681358
515.0931013766453
432.0795457082579
472.71297692063916
290.5873164383636
452.70212268492867
377.05562224096053
478.8180661154853
508.62571545650457
485.9981127171589
365.9772862859942
493.67906925309336
399.5925813568769
520.1478061367743
391.8853090262122
485.84906846241194
493.6263656245126
468.70711498341564
361.9973146064733
549.9660437265287
354.68578252669676
412.6543471112477
374.58727914059267
540.9368025624489
548.0247965993659
491.3096021033101
462.8489720086451
406.59067538805175
442.45247094919546
535.7991320525524
355.8646509675874
534.8107655506009
490.9342560860639
553.5083894584919
355.0237413685143
542.7953948937359
383.2078600458025
479.91124411779526
504.26990781162374
421.0724000656799
413.67069736526446
428.0556137178807
360.16071080665944
538.2743061588717
361.8228414277006
456.8085740418462
393.66119534807535
490.3392993905363
413.8566043601057
470.16264501322723
409.47200106997
493.3136484503312
388.4802313543657
500.8858771836347
448.68576716117815
542.5779211045959
414.723435583618
540.1000307810983
492.86445669185645
393.3309881044389
404.84901418960794
511.1419382538456
422.415773892958
498.46224589480397
370.1875525546408
493.6272429629323
464.19867081664347
500.5065406475497
409.71364930824643
483.06005187707075
391.33369203557487
460.1342562640904
411.59047672905507
558.086986695438
456.62435056341593
508.2972179410309
425.83322740767437
379.28758584612956
414.36618275983875
434.8235322573532
416.7263378797177
531.6444706425441
362.0013298150866
426.9690817018348
327.7815822293639
629.5325518341189
401.8415819662909
532.4963159940604
402.71431631445324
400.9806163409284
336.2997813207018
544.2142630450643
448.8821915034574
474.8940309390354
476.5802396416394
524.8370259521624
477.2018653784492
477.7226686206353
398.1410344104012
504.7605548458393
406.9464156424009
425.761948723244
492.2592293718388
489.4788939493511
478.15085101932334
551.942264705878
474.2922393719715
542.2940751081768
381.5412418786588
444.8352445097121
377.1513974342862
461.03030325399715
368.94018958456155
531.089361469722
407.06226463534273
515.6235799127716
403.20192857156843
480.4281032994864
396.56880181539424
447.6865929864108
320.18031399834274
455.26527652881344
311.5085307157384
573.8948156456071
356.51090590946484
451.57413355016394
413.78998896496597
520.4149441259647
431.75004246760517
588.8133642877904
407.4170633613803
563.5568174394211
320.9622113270121
541.939110227192
483.08628519484927
502.1265970340367
409.26340533954703
471.50771963245637
390.37047067121
460.0776847825275
369.47852711545573
518.8165110186458
295.0380872419282
451.3909981480531
378.2783910525918
511.7219575605703
364.4783218137143
498.87885339238824
347.7718556085927
574.0071245705551
519.1448996781751
422.6449575855746
363.5984002632122
513.2524711030401
469.9606806566204
505.7960353457801
417.79761987256916
431.6860079970885
447.65295144117323
535.7999650598808
329.14273087278895
475.76998550871417
504.3307237105539
526.148700047415
387.98162106559835
569.6396304400481
399.65072226340703
451.0794060123804
456.57884874124625
531.7878617601747
393.0138928202598
499.12031350407074
381.6929357462793
572.7139252178129
426.1275833764123
378.6226644723445
437.7955825363787
442.2640423081109
394.03522803466916
542.619206695053
400.1756795402389
409.1362814293016
449.8672926621699
424.73584445424405
360.9049042431939
547.3113285502071
420.85351102014164
521.5840735263781
410.7749948030438
492.9543693586547
379.00629960780185
431.508030595886
431.88600559881445
559.613380146361
336.6420067769987
469.7966216361114
360.27549662414253
405.5478757975054
467.08073323522456
451.93885599808556
449.37626711204246
519.951105435901
449.27516655084685
438.48756654898716
329.0881593576454
405.9799778165686
388.5744313202075
421.9747842718587
386.9170008038614
520.9923197465954
414.49789995931036
468.5895764231065
421.0309976602128
470.73283459273955
377.5701757546236
570.7807427942159
408.37746140085204
462.372940065987
376.3748357612916
393.13051627836364
347.86421860999286
525.914467094234
363.3487829618999
561.457773034252
365.4355368992598
577.4060525209522
446.95479871445184
542.2682358997089
344.5486537508785
446.5064318903684
418.5458230131666
468.3836310320955
427.7703717583
469.35576456358945
391.6492658775465
576.1487040022125
341.16155271156504
427.948284114012
395.4734963944181
441.1830816268521
467.7254568034099
509.91879843570604
442.1489943819116
540.1734829105565
356.8637287917188
534.9643669334575
436.52248041943346
532.0358721628269
466.59352962124507
462.72577123995404
357.5832769386083
437.9809774565321
410.299945612752
430.90244561743077
389.78941886742973
449.27226481716787
395.94476994940607
493.07964125757843
365.71488145726624
547.7377543088937
356.5257516502401
522.8669711351097
361.56294837259003
544.2396245895662
371.947189790767
504.6596837765065
446.3431929488688
496.6675729625257
448.1690451119716
566.4086362392239
402.23406463394036
512.9260733494151
454.37050707332406
531.4375039008205
385.81794328478554
409.5468074732099
450.99207346278376
553.3471309349906
357.3619081153076
502.48544549782565
489.2300357165023
484.3448107787121
385.81712205534666
605.0979301213284
396.1947500092618
500.8730697237324
394.7666386457134
502.890913559632
416.4600448364061
494.8034375671545
388.0885460181574
570.0463714502519
430.94435497070475
502.7623972299174
387.72363849692914
505.3088694733678
334.102869630235
456.883720503825
497.102380103112
473.95661216546665
502.8728093541296
484.9758084196417
392.0492429213799
537.2949574178476
419.7426004296899
446.00551104395254
359.56987705978383
521.0183261760618
440.84200027284476
472.658293174851
401.7512377461801
504.49835160321254
401.5514918788094
493.47255774817216
343.64355406506576
479.737955100985
488.5359607632304
511.2002899168043
403.53005963472185
485.5653024710365
357.9198196154885
490.71910666395183
447.6446166734249
435.10176325532194
436.7652435686236
392.0768240088063
488.3711113321994
459.0575963288944
409.1775425980846
459.3325781371484
373.2127981785032
552.2305344905902
445.55728475512643
531.590828227509
433.28378887386754
556.8138234592067
432.35778076008233
474.2969628205131
416.432042777348
490.14999569715667
397.8359259427003
486.35143328146694
450.5480654556506
560.7305438095625
401.491094028384
578.3218274352951
317.98603370494595
449.4588270839113
389.1385597887187
487.89668039734516
404.69263656799575
490.87103894326276
453.29213047313425
420.7622989158303
412.0829329919755
470.1869438590794
378.98251268493425
510.9812370018562
359.6634536532104
466.39504508126544
433.98600143882965
590.9494824190657
335.6230213072924
436.7969645432041
448.7995304248749
418.2307487210499
499.43403018254054
470.37337543155695
377.0574333946631
539.4412451017832
392.7965541102873
496.907085656554
409.14943719194645
428.247351560574
399.19892645127766
527.2214397943446
440.7246476143555
541.8558654626509
321.2428757728234
545.1958978289193
439.6151879527326
540.4610793051818
444.3544551354308
491.35318301383586
365.38442446225804
483.8012131738681
435.4726637543079
454.55341041835794
396.0202338688214
458.10059843952035
305.16874702167377
438.67488356741205
376.4286915270911
451.13425421474915
403.7205406104725
408.5335532056871
387.617731669155
469.7102708709334
368.53635873546955
516.4237241308701
311.9557129476761
435.6705917679961
359.99725098642875
485.077613848567
415.0606697645508
509.93421909180773
436.92424058267204
507.6129096902464
487.2700027523468
415.57203489746115
437.2536252645836
445.17541144099346
365.47390641036134
491.73865408448523
353.17841372454484
437.74117658481794
442.9514171178126
426.97548905351016
440.69699108487407
444.64595408668197
419.6896599626579
551.0422903239992
447.3627288068842
483.1610737985511
483.9226493488465
471.2403923957639
328.5787221365782
605.3364403487774
339.49699658718123
448.7689966812023
335.975794068753
483.2564282518044
331.96430622751336
516.1237903198968
440.1909542502018
537.7340024893916
285.1096166257189
463.50173644940514
298.26374228097535
511.2608730205192
365.46186041030893
591.7114845631002
470.563708854042
510.24552789319677
389.2305202645742
576.7326751698832
308.7900393788834
451.2090961695272
479.23181763788654
470.8854777936637
381.184758155689
513.7208535535785
396.19615854796774
453.6165198006812
381.651155192659
511.5787605227692
291.9637171969121
558.2616699098193
525.7504870911031
471.27431905290564
367.2193334243645
522.795978542997
450.4538531488114
434.28754480444394
377.0615668098934
551.7746388980097
456.54171845390005
535.484703591975
403.22009302561503
436.6671161936249
368.1537032149627
388.227122688505
305.9105898905143
469.10130838685836
373.75581927332934
539.7015030393732
436.6855622979615
520.8816819191917
393.2994720067102
491.81915708389766
365.04641128309373
471.3120525753272
340.4853327770094
557.2687639357343
378.13489193421793
576.6300560479472
419.37701215305833
382.8278555722252
405.3875379648837
527.6905891647845
416.5873019571651
602.4140584226892
330.6323990780116
428.9591757003372
401.52392836476196
429.22500864319653
420.73544646747075
486.35891712170576
361.32619400285836
517.590315849783
368.6495496361004
569.7565039787955
334.0523684988314
532.5952585761095
489.3640051302024
502.4561553521305
377.44722387961946
524.0309958007813
443.46804829855625
474.26844592830173
318.19479766790107
566.1284528806995
412.84161016524047
504.82666869236687
422.8780918087947
518.855587453146
382.44575903529466
514.7537402139152
351.4876110054506
450.2775622999258
397.63485126690915
503.67107330739316
445.17655601329886
598.3363043221212
461.0186506162813
541.7281204790024
396.41536148223383
503.53451193178375
424.01091117963335
614.9761374955531
379.1249025409578
510.081176798767
340.54627035437204
531.4642390836852
438.5628494343302
544.007189110383
363.46841566820046
472.642289681837
406.1871456708124
500.80763492795495
471.92503409821984
461.9292837840401
391.29998090690344
422.7644998534783
335.01994803584955
533.5032603747349
318.9085499223387
535.6131879668268
417.229852858339
454.5362876612809
390.19825052799274
472.5942647839924
378.50362946570755
474.93982893469627
389.4839373735092
466.35594981264967
363.6905801472188
512.757015302614
356.02246324228605
539.6092854690993
317.50455772633325
466.2063415346271
438.68900059853695
497.1466454457342
496.3141515202227
381.05891514907285
382.83123815420294
504.33127068719375
362.86675500708196
591.2840477524093
516.5635833480039
575.213294356422
407.57817370941945
440.8078100047478
300.9212478807153
511.548855632792
521.8623710920531
547.5399718089501
436.8015986727709
496.96664843235703
446.8277382220648
425.61123051895254
349.9875972647061
550.0434752330019
356.31838658848886
415.6724860117913
526.7569913802761
526.623008123653
414.2158499253484
543.5164220591215
402.2463417872031
531.1219422361742
369.57590906487576
566.0962761650718
485.2123285729563
551.7429386695095
508.00074822427854
487.9923639742843
346.3139025992124
456.4534131707549
438.4563385181108
486.0581692359861
340.65600756977494
525.2917348800172
352.722904640003
520.2069923933519
355.27050754108706
555.6468259989109
361.6301671529693
618.8736929004689
409.51227484798454
521.9554075374449
424.3497604513221
550.0788343714954
314.62625406829153
540.236340983573
400.1299011901502
477.1839777676736
445.53608182690596
378.02627676093147
385.9024338963935
606.685710531167
374.5506508050099
488.3942977294859
385.8091134024947
475.71272846807335
366.8199096875746
417.6122350804568
466.3355464471182
442.6679939935536
393.68550818667313
547.4256174283187
448.93455407636606
579.4492675502152
356.2296024526581
492.3335750353606
443.74824355173746
506.84844365459287
377.4339835851057
418.41906289997496
322.6630653397421
536.4774768185059
470.87416934643994
490.18438501170226
347.12214702486665
533.9176984593088
440.1999295553761
519.5363243983281
413.64746192611807
478.4749054287157
397.3153785478554
454.52134991494574
469.5827567321316
503.64538098653986
413.1920738075402
479.4094203089347
402.2037836516595
467.18563625529856
430.2749305320253
427.69155306108144
376.6019292408672
428.20350745507056
370.08548658539314
463.3025853777955
432.0349314821907
496.3547423122411
355.3814685154103
503.58881642626653
378.8138210578959
481.7436400039907
372.6888728759514
442.61640715765935
362.96044187006953
478.120982115675
429.7716129033154
454.9288507747261
322.1595612905249
548.375179743178
375.8289502896101
476.34338468498277
372.4244991005831
511.7247826815899
388.34793117614606
523.0289119526094
452.55829516433647
404.6214253052051
341.02454530050403
539.1534323753211
426.88965671324235
464.08342059122964
438.24404844694607
439.2687143293799
451.0272950728362
555.3167758703534
399.30161965782213
580.2087332893474
349.9317874860473
411.9891349989143
464.5047657144912
400.43603590255566
382.0120728698815
575.8718207917447
405.2605833976478
474.91064507554216
417.4493140498128
530.1066142719711
338.57380347821356
559.0969430257949
361.3453037517468
414.61033571684385
398.7700247759178
552.9265044278077
489.1324587508976
421.38529730216356
417.14470315161566
584.7837265877733
365.38660095920727
428.3103965635422
352.2315951872827
541.5420012050856
474.0091844104454
457.72887269874997
395.1574642446407
429.47736890446805
411.99283929722577
537.8077978399141
479.02224526792634
578.5161399746432
385.40066023445706
506.88321078192297
500.206137912101
477.09411129066626
390.87908762108276
599.301214909441
474.46850447051895
567.7903441919997
422.7042433418228
598.5318976293281
469.68147314016596
529.1519714408731
503.496505774697
405.52196158156875
395.6228588088986
499.68079200283074
405.8343374981024
503.12222672439475
458.39244435772713
508.8061264840552
377.7680913059898
458.7230302614976
356.1116462505911
558.1054800204363
423.779479166932
565.0536537168556
425.5862443715492
469.6087639070974
467.06892524584384
549.9590921075691
421.0812869633816
487.67941230049007
264.6189420361083
480.336363697969
367.9651890388291
438.2243061914666
252.34974587361557
589.3490442096643
369.14909077734035
516.9784238809194
391.6287149075258
506.2601073725929
360.66868250527284
435.04779702352795
382.0202129500914
460.61355734835496
410.9224674332272
397.2324452047593
330.246953673487
470.84230473463424
346.06188660952427
484.63131844703867
391.82533837995965
543.5782522942047
457.316693578215
515.6827311370489
406.6275523987693
566.5584304229004
403.80824302155963
434.81638062491277
422.0916988219694
491.85526263492255
391.13028222932337
518.0507350083057
385.3492086648444
422.74418847968957
481.7296468227775
DatasetEnd