DatasetStart
731.2502256696832
247.03201067163977
727.8895325965798
342.0093719794258
168.17302167619238
202.33165205051446
765.7650686020085
271.4994875117636
710.1268619963614
276.24260515206424
727.6081656337049
189.5781618236773
800.1293547409625
200.67851353264467
800.0987358010932
176.35681692204102
842.1884684323105
314.01898066585676
735.2994374315563
292.5846002367365
734.6920822390099
191.1139963966879
684.5028974814936
251.80820558076618
637.2694397954499
272.3045456506798
754.5084868024225
290.20258187106674
718.9746336316315
273.4438870900304
710.9018171212776
168.5658443830955
693.2341152833017
277.9495607855539
672.1741717864858
210.11236253949218
749.6542791602706
242.18074140065661
728.8179247058029
273.29068179108106
686.7192189497144
251.6032830812284
743.025765426039
250.82583835023738
732.1296551073879
315.9759263530836
653.5636738232761
205.22359784638826
760.9258646459302
312.1218040276352
778.6744837221614
257.4892091680156
696.2588424637918
209.6889900986085
692.7021467726977
160.0717907987084
630.1161182987086
257.2400751341009
639.2102647173866
232.42630653277482
748.5839170939184
215.64721989560758
752.8226107900657
252.2896947059433
726.801851024106
334.7663567735531
658.8337593924614
240.4125097883381
804.9419000478829
257.9047014583855
761.9296467081108
222.54441718001743
698.4591725527704
214.79081731143938
773.0490338238097
242.13334390519597
650.7071933996242
333.6245708619536
713.9575929114061
215.44591375606126
662.7756363221272
254.1988456836845
783.4857516889488
213.48096651044332
760.9050079423957
319.1875255166043
755.2174304157173
200.84730648738352
731.7148386391716
274.7839212953039
764.4409128274157
315.90065106407803
776.7080743521783
290.68994731875904
703.9957706076518
253.45892923320682
861.2619728644025
199.5871998541173
737.2580150105118
286.238973857078
696.184040963914
268.1867177558655
723.8190756782261
198.21986615551634
683.0357587049198
154.9518146898613
717.5222913800302
248.27476965665338
669.634543881735
303.0380648183913
768.730740923805
222.98536309724935
754.4327854339863
189.54185430607052
788.0071188079415
159.45067292358038
817.5987484432833
275.0197432887272
716.0650174704684
299.5075657115804
712.7249555031821
284.52643881375883
792.3006270306254
185.06453594172058
657.837083271004
210.9353320629633
730.6439162736724
222.60051943109883
748.9763824677582
305.67127075024825
818.7144704013145
224.67416820393456
673.5885943559665
149.62435354565076
702.4948012812808
219.1550935930995
705.444598025146
235.70136187064384
726.8218656536608
218.4395262914369
729.9410714408834
241.3527581609028
698.0274035789738
287.4424900607168
792.8519342625402
235.64600305238721
726.6621176648883
216.59532176209603
714.9206066095859
330.6062795063923
752.7993247958699
261.9869781646318
745.6752121121979
264.36938455185873
825.0381840024303
177.80626847509544
785.291205826003
247.58526485882084
659.4017650144297
305.676942395344
728.2456421429422
302.5493739895935
729.5498858692947
193.61912480050967
658.5826059821776
275.3508746737144
696.7318645651884
218.5462524318252
702.2883626158298
189.69295700334615
786.6670168926836
343.31525738366554
787.5422884111731
256.3171616413199
807.4772028479406
206.4664961116769
798.3412816496065
228.31374038392147
704.4889260460294
247.9104580588753
691.6292410147854
289.79390792295203
792.2781709490449
200.04967207573225
700.1423035199164
235.9892089352628
800.4796927823686
348.99046929794525
789.2217820236651
380.91879962500195
739.0007834879873
246.8531799407671
761.8642652233101
178.68891998470065
789.3873496644253
290.2280405814233
754.9011391504415
285.8763990922731
742.9259743444151
352.9784167569861
736.3491000988846
220.45107008930466
761.972147548036
283.60598720626183
755.0975408208404
227.58417697561782
709.0087015399629
320.9007083415596
753.458991649751
240.05205158664472
672.9742584262739
298.5179383287738
733.5542899092794
269.50505402133695
660.5494658327705
293.9326624980262
720.14453610073
88.32336914935686
698.316659335334
257.64113234251624
782.1363448277724
232.58205188170606
738.8284829502823
285.7504761294853
685.8195340546964
206.42799261556394
804.834745934681
294.67870600712905
801.5492545156026
199.0156038963397
777.6132420169165
297.0543887580871
752.4501180969922
254.72387781604886
663.0655934538634
240.84495129478478
783.6713879066938
236.13543017283615
720.6216321556083
239.45521818934031
690.624318318553
269.93108170750554
740.9370875887373
276.39908862577033
742.2949202474554
229.60879734578708
714.0238990485283
271.94230099799915
729.7465644696281
199.17288923587205
715.559183722334
220.3815072459719
726.2488799452329
277.8941451900149
723.2956237968232
169.2109376581721
708.5743987485592
259.18166779251345
746.6180831239027
205.24056413457168
756.8330279698465
231.19220716294413
823.2870388101106
248.42430677547608
770.5383094597814
252.46746753554237
691.1983390631908
274.15165083396505
718.416896747626
247.2333855630967
745.5682331961775
270.84925571925675
676.0095701448366
235.57500040806167
600.0567905040447
236.999379070704
679.0158147666136
220.87400879453577
786.4298487755595
213.53165104804327
777.1388272238073
273.71987429021846
718.8567822599238
255.66682963973236
811.0743548227279
323.99819118539773
780.154721802815
241.00792210653202
765.188889554155
262.0753700018196
753.4016412088004
139.2046739397682
867.5589054986086
197.97300211959788
737.6811024006115
192.4024217949531
658.6117286674073
265.43212030705865
724.6285668539604
75.98928892053578
686.3695437596859
267.461287932125
647.3504550319363
249.58319698452974
711.3373264166275
240.58019732758504
725.2385985322985
136.7168990608618
695.20237353655
265.6067928286518
761.7571811772231
222.48779117991884
707.7757891259387
273.81369055603847
762.4446296617766
246.20048367208148
712.736407779804
245.5593438283562
663.932464234061
166.30925165094715
716.5379754590467
239.10824309187922
723.5176580444987
307.454573001491
753.7312042001975
196.8848343621957
768.1127947065397
251.36392325797468
640.3394184684159
273.1655875799281
802.6292094056323
323.9245890475857
683.1794963645148
277.26283724668315
721.217731646886
242.88950505584305
729.7664024589258
332.56414767475763
683.229881048283
260.9326824746249
705.7383102753465
285.629345705852
659.8401086569148
215.30817358454382
766.61172898655
280.0091684928601
583.9698913205299
265.6561550634011
778.0060143426001
256.1933166782696
774.1721618380041
278.03849108924123
667.9677670655568
244.1409297595669
778.1415595172023
204.05011629536443
746.2666754253532
236.20258939819584
776.9805712844887
294.42311239850665
737.5194997285464
251.98431103912358
710.1231432627699
239.29943022317292
707.7249417825432
257.68610148838576
720.8429596465699
194.16132695192533
721.8211104314776
309.25670909075643
729.5191777285205
271.65068392858615
718.7367520110457
290.139548811648
775.6829623832978
220.7364079538935
700.2406129575636
262.41325604343234
764.2810821137253
328.7298446300427
764.7687635083532
305.1059569858988
758.3599195949245
159.20440637591298
724.8917254200344
247.0902176021855
833.276907806836
279.57424860662553
614.770924786409
345.3718013606966
760.6011022706557
190.0845618462306
774.3573709958051
287.5375604231458
715.5637509854563
268.74958578212534
793.3552092119915
278.72000979432215
655.9920233819304
150.28961551732874
751.5728362212586
238.96759082137285
670.1528914062578
271.3318272747611
674.4993256997618
182.72456762538292
659.4461013316393
247.74300027539746
702.453085564675
151.31681490960167
720.2247842869069
246.55512683470317
736.9833928340171
198.90553084928544
748.1053839443264
280.2232300561461
758.598244494052
191.35206517704154
778.9214955886933
297.67780160221037
736.0150703736626
150.7548663897217
839.6348595150905
156.5855861914589
726.3434399794377
262.7384367206074
803.75589123127
270.40296639453277
701.6753925158158
344.96512260436515
714.7347292701916
252.9424480452379
748.3588952706168
189.7481953578472
778.1044629701437
268.70597708223414
761.7136268072252
274.9158873178624
829.7975590174598
282.13347851699046
773.3402191950348
246.26883563461746
817.2116572879531
267.38073266998117
744.4720254556295
235.95921104472384
748.3857055166674
172.6320665290834
722.4420388830055
288.01510683827945
764.9436926219788
171.4306775725659
682.5026872468455
269.1519733613329
752.1981392737288
332.7468943494108
631.7550849936499
294.81276818868673
675.264801659557
242.176158044965
764.1900625320206
240.63759916761907
772.6390446286563
236.79225850202877
710.4643772343828
307.3536221820544
711.1349571422988
246.7226408485186
682.9456661873472
336.4379429764218
708.1999667308717
174.65493353262931
684.538855794251
168.58876453069553
827.8255544106966
130.3452098256014
807.0493394621437
226.46840481071254
654.6846649977662
311.86424598962816
742.6619351447325
286.75774245279126
655.107975799843
273.3989296453747
704.1372834864694
161.25607877494076
783.581653667542
174.20370659113638
676.9335873987119
310.4398305888867
803.0602384206662
242.0177394459471
736.2059781858613
250.2631011858667
703.9501757675079
235.5861746585736
678.6348438817078
169.9299232905596
729.9026135320263
294.19272395221
721.2609061700898
257.30131619118663
689.7570886585016
243.70538385632196
685.4566835245166
298.2337285096169
707.8985789449234
138.59865953568408
753.714189621438
200.6652475383887
703.3174214154154
244.017996489716
656.3575220658896
184.96580850668352
796.2978957629444
253.00382427531954
806.8825677247845
261.3522820265605
800.3787313201826
262.53383992934613
701.4438930366117
338.14916183299783
679.1422361318635
287.58178792102836
787.9418962752068
203.74328333792891
794.6487423999392
204.31350469590166
786.3287698836987
252.07709720674117
763.8205219745269
324.2168108023692
653.7363941879637
217.0467388012118
727.5520595347448
188.18309658645262
767.9900371161798
220.71953738046318
787.8071930196309
220.6407007097056
643.6180470946762
283.85595578404826
704.5879998722522
258.2545198394696
696.5648428922354
265.87604279132404
724.7077995067006
297.5834453566133
761.4561623452869
177.92681023073163
691.1925185685323
256.6654908260168
697.0645699078557
213.30845901260133
806.0183335460738
216.63974956663077
693.8171751851955
301.36199857005755
799.9534424966678
228.4048433698549
757.0836113013382
270.8178496331328
729.0045313806314
170.06563798418463
838.285736883577
275.3393942964034
731.0346505516001
240.17942977881532
691.6289738999086
184.93901022360947
699.8842646152624
238.87964408935787
782.1415027308786
263.0413656790592
709.5132200150383
254.24559285182244
767.4808304603761
317.5968562297903
747.5842877613735
354.156685797254
719.9331052831593
249.73981744894013
637.0188225301085
233.26624891832046
717.8404034885463
189.3504435551781
659.5728737078748
213.82732483096765
714.0038391607249
243.08622670945704
758.1398228561729
215.17755599444928
818.0411863831443
286.7888393267677
664.9567124375781
260.6705779473824
755.4559498250867
246.31552249568261
734.7154321827418
214.29725549881886
730.8765063309919
255.68219674864196
780.8147620886912
255.26503152683944
731.087560610537
201.47359164973102
803.4688645324693
292.5380266022133
728.9954110898248
174.96793119919238
675.7512324852812
267.3976378679621
689.5452098078097
209.89951334502476
616.9787634417111
219.09513063900962
694.8795943821681
325.5895701625083
702.110302617617
203.98005845440184
632.5976362539918
155.51068918921408
775.8630375315142
260.02256635495746
693.5212842782335
249.5941121116921
748.8567856428547
353.2552840669965
721.8096847654774
246.45849897975805
762.0502352357075
246.62188099257787
740.0276331671786
402.9628716281233
704.0788367896012
289.2919792084642
735.0669506523889
197.63393101415843
733.4487955717484
149.1760774900621
747.0078704078243
229.08424683456926
660.9582299473425
225.51513720124316
704.1728623412605
232.84245994501538
786.3093323853758
204.33745321832734
841.7552056375787
201.29874209774528
680.1079050422388
217.4482031962197
735.3140529129427
237.5058819639005
733.2767564945427
176.21804877649078
748.0504496750756
278.690832297154
725.2730797816199
207.27730680219605
661.5209774926584
213.68545792344239
709.0509830226911
221.52137092903408
771.144162506058
349.6984071616974
640.6419290216621
267.2994042745302
706.1065100285313
211.0840752418192
780.7302745650342
272.5036985842391
744.1156383956904
210.7163676098454
732.5845269735496
233.67941417267042
684.3034494389318
216.41587771278375
724.7298771900302
193.67381699134995
699.4186040639621
266.07471379282487
762.4781352248477
267.7319483560274
725.5246594853534
248.67102561187872
793.358939646814
214.3691117392324
665.1005208589119
189.12856873059695
864.4019209575106
167.97638964980206
789.2889153348564
190.8602579194135
705.2177661803511
267.8431782146485
757.7915087486584
224.5051592753318
646.3159623289547
287.19168322096635
792.882534378412
244.63130561529044
726.6882042437256
254.0597113208949
778.0932651585484
205.88566937995427
726.4976590086889
287.9667477920234
721.0570955288117
215.58387768519367
798.4370384751227
275.96834915159457
756.6417402767136
231.08770178480262
809.9823270155042
287.90967852683247
650.0784564075738
332.4397973715532
704.3057571320796
220.27221147922037
717.5568682563114
270.91054899769176
763.2741883396088
263.9242132201861
765.9193822047605
276.97438868034754
718.2054023801785
259.86588521313894
717.9042333144349
288.99246842119356
791.3350955103069
209.9552929341666
723.346312409781
239.82478158845862
792.0569807791335
241.78133731152963
759.0151055606094
257.73341857190206
767.0552222749313
326.61822110279707
700.6278197685916
305.331538939876
611.1469181657742
204.59458325460085
678.3336818492619
241.7659397791425
702.6242428740518
222.21956482263408
655.5739198939857
294.1872230358583
801.775439354878
200.120813673102
717.6517496803488
222.20283751037167
753.5517247243727
182.42346519554434
798.1324586138938
187.0025978269971
822.5981895282854
220.90115152411158
733.6679603767393
155.458291055907
760.6147424431083
188.95575711103243
771.8809555404551
171.25033494930952
736.088629947654
313.0726565558929
764.7146455445446
183.79672902499425
796.3116936029098
293.65594676017656
719.2675128875836
276.74591446216493
791.5307695869033
207.83830719530246
715.1091480073039
239.45383526353515
725.467576892438
184.02392516880602
748.4935909818498
239.01583385315286
793.9348980493543
203.3808369156194
837.6749369140568
288.0332651821282
778.3955633313423
214.17629549120173
763.6514166392792
239.79485183096142
736.5414931590141
222.68496237728394
760.8406117526367
283.74697285026457
642.1439372211195
198.73343979713673
739.5816837876225
160.07183819268766
724.5936825808889
203.27701941429274
677.9169746681639
264.75439330781904
627.4973869707435
222.37355761210853
756.2091723642875
165.77913117118493
734.2155663781772
120.47737415236882
755.4980153648386
234.69781917260684
717.210788241088
199.23518335264953
696.8090280857612
302.13057943039223
717.6889892853274
231.00435594368975
681.5756326677838
172.5049973525479
795.6474096200502
170.10052119637157
723.4433903629381
197.35505577408804
778.4041869841353
248.72729338660264
711.0239467212806
279.25607929387854
747.2040983750037
274.57127390597964
736.3252381535281
277.04191327862895
754.1478071222158
307.14691581580223
786.4421889817212
248.14036761392055
696.5782660659778
287.57976211042194
714.8585309842626
298.1244333459352
725.8945666461727
217.36719856560893
780.7962522193592
260.2267158032903
659.2352678789015
222.18959067272243
731.4010770122285
229.04248184350885
716.061929944765
277.0569430441015
696.235441124905
220.8600530329992
634.4135646450566
214.96484260027384
781.3487939211332
294.8331754449721
645.4760762416801
304.595440241616
749.2009526800048
190.28412434603024
714.2802214454243
413.82422197861627
834.9140905963693
164.4350190967426
713.2843096899464
179.7678642007719
732.4739219988824
300.91446539317207
757.0615297764701
302.7790242943787
749.0487432328688
207.49539781249132
707.3083361241949
231.40864376732924
638.3912564990558
179.61286305703607
654.7068271900469
250.09102030768463
652.0147610145493
229.66757616934402
807.9865190713448
374.70503150277716
704.4987702310107
292.19528310846255
700.5792493294929
297.7368548778708
699.6090707349663
266.932786628376
729.7797029366247
200.28905170713477
780.1059990208962
163.84392991024745
680.1246530847515
224.7354184678517
805.7606141115166
303.4434101651991
786.2422101305782
190.08548794854997
739.624446550372
161.0689657999615
844.4276166046369
231.5183776746896
696.5895704172827
267.9780501663748
789.1133962596937
211.277872155686
711.1439733089759
269.49600001799064
702.6389820782832
210.12115501869386
766.5650141856084
311.20444921105945
723.4804579307624
260.07194676481055
730.9178908887546
204.3302788179309
642.2089235422428
246.4229649168386
732.153064860889
209.21651723959678
733.8155806443049
185.84117701326824
761.5961099468306
221.8838774940369
653.8997621520389
281.9209639908026
786.8058775283498
314.0865808256787
786.0074701765328
221.03687978853293
788.7005840678202
220.79297605269136
728.3879164750654
233.6031796406313
777.7565618649402
298.69042792655455
728.6014314086733
290.1619674455484
750.322329714773
244.59259094018674
727.5272226293569
355.8755636384094
729.9935311028011
248.00617831739626
704.639382448485
255.45547274741273
725.7089635300644
248.64088364297538
677.0910818712165
279.58746977731903
675.3337532895541
195.22192576061943
739.2809558307565
279.08766029226524
697.5141658143035
131.8022570145645
740.4863679311667
255.2236160425639
778.8936830218281
386.68054119146666
638.0709282199175
330.4705871696916
731.9451269275344
181.14748561172559
719.9006381305883
276.54880965444676
680.6557300847976
240.0190563075832
618.7730520961547
268.28877242972
717.126017061463
156.873892980812
734.680736641089
164.39688743283165
701.9372555492771
234.0039568951628
735.9528498667919
267.0061302960967
721.8478119896018
271.55337669401376
765.644660869959
308.2211043838938
673.0053598925822
299.002073552813
820.4909259171809
244.11988264154613
656.2368430281538
256.0951878273593
754.8199338784622
182.46003882240456
772.5960178926281
283.6489145809595
786.9079538195203
152.45206825260686
741.6102090639381
238.099222186207
689.2894203752671
231.73014046198452
645.2589653000402
277.68321272669647
756.7837513127
234.08792801113972
741.9296983001993
211.76996967906314
711.6342441140297
296.01857704232697
695.5493670924238
256.70200000367674
666.3127571191184
333.8773477345554
734.8594266691234
266.7223070153061
723.410198017979
374.5471782362887
735.7527955846507
371.34621573044865
771.0636017359644
316.3780222962096
685.4006411454607
438.65571970777603
671.2068412921864
359.8842228555059
791.6220255716801
361.0196994897147
674.3751214701019
389.45937317853196
714.3048718815885
371.84720059005963
774.2874386686493
360.70412269563303
723.63108562884
346.3764900221919
751.010928777082
309.316386604177
782.0797742202371
328.30261810063246
675.3545559861722
350.97602729845215
709.139658451666
413.2901645079187
712.3401806390334
315.3080140278704
752.2311817093654
410.814649485094
697.6816002748435
229.08164052006526
786.0320738546129
389.4903444931185
753.9309248655055
388.40429041857385
719.909677662949
375.00634219878845
802.2051153193453
297.4859683745671
746.2690337899314
383.83108916786483
669.2778289082459
388.6898620181422
788.8500609311669
332.6146516725554
719.0128586448304
385.8558958559397
545.6193874884776
292.1677266610389
691.4037780171067
332.6976228468258
737.1680569695076
320.80040334806245
711.9767602951359
245.90037242953775
640.6025952572475
461.8249082281343
780.1090970522934
310.44661161790094
649.6222733091644
348.69697784466496
724.570283844776
337.5090368645424
728.4286031409281
244.43857387118004
630.9712954165175
365.837157585523
709.9925981629852
277.2629179563386
733.4507370111065
286.2261214380849
726.4989651693952
256.1957870351822
733.9821020344941
308.6712644419499
760.5362989778223
384.27140079195834
758.3867353026362
374.755986186304
715.9073065301624
211.52139500516378
687.4381757541659
353.93621049363264
726.9781905535239
415.648541428381
749.9369419821506
450.5330010913368
757.5535297431786
460.7975668302823
700.2221840964936
338.8482154438951
671.4038027317254
313.5490020091336
711.5310034644009
344.8544592717153
642.0319317613228
351.56260693312976
695.4983208651821
390.0021809684969
741.6253287208555
323.0946151835011
596.7432855605839
397.51140332653296
725.0782553475913
293.9073228586277
721.5505343165338
284.3521928316744
714.2029620787558
386.2511779168407
759.384192441086
310.6050145708727
640.4951558464526
244.48233321018535
718.7860840980688
331.9346579293983
791.142357208488
304.76614758904697
679.6605230413397
278.2940651245217
654.4809938687283
357.0008055474091
662.0542494768274
318.48829092611925
651.0231964810639
285.46617535370507
682.111083150612
320.8612343804368
784.5578099788708
226.9951216856564
768.0476058207506
329.0564155703199
667.3522564567154
325.57755238470634
741.4886185195096
340.17298892318007
718.8676862425389
364.073189317993
684.5404245419749
430.18481491237543
728.9118618857191
377.866000113027
739.7072913632041
273.6335134191798
734.8261625038567
318.96352902937053
741.2567883547217
247.65178491744
796.6391267793739
428.6395107298505
748.4737437356641
435.53012447950124
703.5694117505551
342.1052522968064
771.2970180519596
333.0059081535453
598.4002357049983
293.7707369647736
654.3368117849589
324.4811188349372
724.7581940863234
362.2676376603356
765.9923170603664
419.6220649655865
725.4075065415909
353.4812079015398
872.3925725731522
418.4541164453299
807.4241440353669
295.6209469293412
723.2759560497616
326.90556296296967
813.2469432307842
347.94495814502903
774.2224735080554
394.8777899919062
695.8624449624492
251.23365330236953
776.7287203902648
187.33892306546886
721.7161229490839
412.5747473256929
777.0406962710604
351.3848398257788
701.1654576762945
297.0575211826931
690.2805609539114
359.97883916230217
676.3933378955027
327.20666693689907
704.0258137135579
392.60314527157385
740.7438063304095
255.05436026291056
734.0638940837034
309.90631912358293
776.5327512457985
377.39648662042737
697.5644330414789
327.2250204832088
772.3030721297916
341.261743881111
844.695072906658
383.0810834287526
658.4827069419971
409.09959401187757
675.2304177866538
329.5730123905822
684.3390912746574
316.83105767037694
805.3553043704205
483.2506965586532
743.9144141461406
348.44762570497716
704.0710934650904
274.8715467824959
715.7190569786902
384.39948252308204
786.6289156679721
415.11821258671773
593.365043840503
434.5836034847774
686.2833898010479
357.6485245758675
692.4308236460787
243.10841433483537
709.4343710815726
352.3756926335316
808.1593486450937
327.3529426934135
593.7288298995284
432.27651624713735
653.1775890196286
316.35854782094816
710.8117148854941
430.0585368071937
727.6864160643785
332.93564056897804
681.632342533889
365.2640728988226
748.1907427591594
359.9496090050598
731.6957064818466
409.672319607807
701.3753988231106
351.03114820430915
765.4333844169887
355.64225024439963
716.8705297279824
319.547102471701
804.4257649556358
407.75772218424277
829.6851724818221
410.65550602815324
713.1281894499631
338.4198861758603
786.1720085431847
315.12244736025457
714.0504588074608
362.2554523977151
735.7657377910195
347.0977718320513
686.0549821141506
359.74783958436444
811.7825494736747
357.9471561786128
742.1338035376385
343.2188259573675
690.4786773817511
268.32307462065535
743.6146713327547
359.2169082194584
713.3884205164494
446.0897708135483
698.8462626035349
303.13815528367564
735.961837614895
296.4678580303258
655.8144633137936
358.4404761239928
707.3197417778096
436.5121723585665
789.985645475373
378.7665901742068
790.5964717884898
275.5120662147873
752.2370798934601
366.5745135688566
686.3263142617338
381.4070487169354
787.8359065849739
352.6268622453751
788.5660906951745
367.62207150821234
679.9187373977485
372.5392109960204
718.7993251698347
353.5625038509238
728.7227049114199
291.2997438576881
780.5160101654003
313.96708790898566
735.3179540722314
378.9915464383321
699.7109316771529
295.6532147316943
703.0725860227805
320.616217620158
741.1950586747218
251.8733551777613
743.9035374906733
416.60456736560303
776.8800706926189
338.3252895687448
727.3209406657064
340.88962227857303
732.1956234854032
329.63066412912764
776.4592932849746
265.6046328584754
823.6669687323551
299.9487083306916
729.5793104371412
258.0293106339908
720.0686372966568
323.04271227939665
703.5383670402501
311.505928016767
726.5487549079833
385.46886090928837
722.2084916695587
316.58729859898756
649.1162581089876
383.59913268570057
725.4534961581222
414.3706614055309
842.2996376487052
476.52095905317077
740.9025628007838
294.7553588262811
775.425569231527
345.72490043187634
701.6252974299654
307.584299010692
764.2642434545044
314.23390236568986
703.9564501209936
285.3574581332595
678.2090388947036
352.927775969179
751.1278161768008
339.2497576642298
767.8143453305426
393.008515549226
792.5603759753495
286.58324139803625
763.0554794494745
252.73495385750402
741.1299337798497
247.97937341068788
719.5250544347732
328.14151716320157
753.9425016544703
357.41061158088036
826.8992708917381
357.6566892843374
761.1926214764189
378.3354605163938
774.9738568973431
262.14539926633586
812.2330827753683
364.72723645369945
679.5303363218446
373.32446061125455
738.6187612097726
352.18220751086216
683.3740877226749
339.9752929342932
702.3392756175117
355.41428442014853
702.0470464862647
370.9139941184248
750.2648253944342
392.57939609685394
733.5770759733291
312.1024740312816
783.2021958778804
377.29582918106354
743.7352895598505
370.7321923514412
829.6200958914458
379.5788610955128
733.99966444631
319.0432615188834
761.3997590390136
410.3147003487587
798.8973213334174
414.89654206065546
671.7811244072079
437.9486226366054
711.5574824121708
360.6423250692012
746.0011023967068
286.3792209876886
762.3968000126814
245.02589766964113
779.006144369211
317.20781316677756
748.9783651601472
303.09752978889037
718.7863977499238
359.8109843284791
713.1896750997091
346.2773239370931
764.8700942279227
416.0270911521066
667.5614693191261
363.8419142838036
652.6870756959727
448.8743632965075
766.1628855255177
277.2239051838619
659.4602734174173
381.89305169337047
676.8240184546249
383.4743462413639
794.4005702220702
325.873488979581
706.2502071295944
347.89512000302693
694.7397351116582
342.5782370644952
631.8499810542678
343.62065892822085
650.8229385010862
332.5286030981238
767.2770634726774
309.7823512180606
687.4464791204749
307.64142991803726
747.090603790849
422.88065465971516
681.870276083234
487.7232978724644
758.6130041321336
247.54264937800485
664.7008822625343
328.7724290694206
641.7019432749964
409.4131491312013
750.5047974570747
424.38410273915787
725.6875693001732
324.287114424223
808.0629155329206
271.2852484244055
663.47608005028
360.9013490033475
708.7947191810969
350.7907249055807
735.7930802378686
338.54689140884636
710.6735936635095
346.17905051785226
673.1748113091916
318.62641759430716
754.9867391947657
332.1302303740959
707.4624470015186
288.6401644748607
688.6123958318026
364.68835898499196
740.7063514200385
328.024165568947
726.9674284340676
418.975529047788
763.9382010063849
311.52992607124884
730.3461112675908
260.2444928152936
816.5591677556188
361.5804544232528
836.9692810909312
374.26119699557523
676.5208230041234
325.8435190409558
678.9427992662919
271.12538822244676
657.6537512552369
373.10337348045346
727.8303822384909
370.4814685455637
695.152586028492
354.7966915813429
777.4151950795053
314.3380138154179
735.033502454949
326.366586243991
746.1022128897613
399.71158432176475
727.6519909791693
310.79033156255554
775.4299759438978
292.8748793591087
754.9594781298196
320.537970451125
739.5606911924731
376.69534142338284
677.4928745978718
328.42795307304027
785.7461442669688
401.8649237258499
737.6348969012173
239.78486823223645
697.3075302738412
321.93364884000357
764.2945396390459
347.4086894381914
677.0413754664611
299.07270918043423
713.2226719944744
272.1350582229137
769.0181077285913
336.68506604505393
609.6162919510573
396.82171511335633
693.6343134599155
390.0422672242427
646.8638759386504
403.24506934155846
724.1890187615319
367.45862784775727
668.3202146865763
326.5076882170313
740.2212189462024
388.44836121846924
631.0358155682092
341.5106037152614
727.3795256113258
380.72181382362623
733.8287475632224
325.3309619686849
746.0601344659054
385.33416544742636
736.3228580187065
390.50676707938817
712.8550800315462
344.5956620386467
795.8727322077282
332.58120194074775
759.9872523615743
231.51771136524707
814.8324906504793
310.48669545447575
640.0200859163847
383.38890497022794
689.6769729449375
344.56892939365235
665.3463977283762
394.00419509498676
703.2077716671623
326.3527837201698
689.9556559447337
397.5563436015307
655.4736688146643
301.94071315361674
812.9467801462782
403.8766595304325
645.8245075341134
367.1646501781211
744.4986781644175
363.88834732510435
711.6466578254189
318.6913909541635
656.764462945351
383.58254652273206
624.6139080207699
376.35245194226377
761.353452976835
283.7874096851484
772.4609660944662
298.6794033170567
761.2611278372447
409.37641414898326
610.1077024610432
425.77054510251287
677.4143306140091
372.744361357008
728.7219222051824
377.8953202101655
693.4707944304845
415.8365880188593
710.0559561790308
338.9069653703713
735.6078758534173
282.61859876559686
691.7825938712928
349.57186371885535
705.2113075607898
439.46062812549246
741.9494849697586
333.8779673511688
742.2347583212651
419.82062145381065
738.1788604955867
322.51776200593554
706.0149156987839
304.1468145106872
799.6398411754574
397.9094081382916
673.4309947294914
369.02755835895084
670.8635280419313
357.40453428419477
703.3044009752496
364.12664474844604
775.2696863625698
313.78201343968567
730.3319930860447
347.03682607931734
665.0863050902551
292.27618498088555
678.1323181538922
302.32833139682884
710.7645289562523
287.7026773013207
758.1382660677114
330.8024805571984
614.5707830801626
337.18180826979386
749.6813945390002
385.0304463163671
752.2702626409416
376.27383772901055
742.4165100011471
356.1214003402935
621.4335914340419
294.976549907098
658.8100953072311
334.29986691514654
755.610689489057
315.3037694269768
677.2825575482511
236.87922088481687
686.286417558135
453.06075602589544
780.0719127060207
379.4879733144536
811.3699471248042
375.0756186421073
746.8576756469972
359.31960824166055
719.0599543515696
303.8548375425421
817.6671177351601
354.97626873264943
787.5682671314224
423.28176124345146
690.1293093575515
326.06761165998165
693.6490051301543
396.737661137177
685.4144307663189
328.7659522929626
635.2022787284919
356.84058624950455
750.3024183774221
229.46712838350913
758.935686871244
294.92589080178794
744.5349165214699
326.1770541350447
735.1152969942967
362.38447296667067
673.3524304145106
212.09098725388006
809.0421416124575
314.8358281093039
838.8669367245033
266.57965006251743
681.254156497924
356.6761728442706
728.5070605132202
346.6117442303368
685.2112328118593
293.909251626236
735.9876145029396
365.4048121045002
759.1241631024579
386.9379934754253
772.7677455892513
345.516087239729
805.2290906532274
315.31682113679415
783.0572735685117
319.19448442808704
776.8274354363082
294.7329303389541
757.0597991947006
407.4800218090923
726.7516514855646
267.8654014497397
623.4395281931361
415.4248195955587
797.0993894935144
422.1966581034058
893.4905396788979
356.59905811790895
756.9645562703828
350.04566336014267
702.3956996698189
350.5668293403645
731.4489677301377
378.68879585181395
727.0170441568955
408.5286686203731
698.0340945666356
320.5321555416375
692.4149012870564
315.3067098158276
641.5193282553702
394.277297615391
765.7347396039329
379.4752158337934
699.5420788661796
371.44838905430424
721.0879224918599
283.8875497872718
813.4134642686996
396.17785594783106
646.9197383971336
352.7318559811306
676.2690532487951
312.4936476659503
683.6712282042151
398.43417372223615
751.0820337819129
304.6255360881951
677.5270713992645
372.1830996272445
664.3288357297474
333.7151266747834
679.5523713146571
324.5226604126783
641.1592446052753
323.0228305346036
680.4370684477274
349.3729330873307
658.7563278604372
361.1199166283172
739.312753052192
282.20657794450796
786.9673086988222
292.8123937688352
680.6646929995534
325.661775092797
723.1479917928364
370.85831472574984
686.146188772536
347.096824921155
734.6528891902196
392.4320646701415
735.1339655493399
314.2241104380427
658.2434910848383
432.1522894420347
767.5635739733548
398.51071528818017
733.9647356616434
364.75916793390263
701.9948531206741
309.91843008933375
685.1355710565443
262.34712713306504
774.663809006707
267.11330476928765
833.6073105530376
332.75449086894366
720.2824494497885
310.45012418911216
740.2381201388226
387.3609180332302
645.330099152171
346.3846409699442
736.920263730687
325.4137670854073
787.351527288725
377.9756133391419
853.7077658849547
352.37563703981704
724.6046619041805
266.6540997736554
717.6949237188586
357.0909864854431
706.976572178135
376.5205728442349
724.1290290652737
365.47438835569096
705.9422025879326
386.3542843387909
716.5616614663787
309.3545597773145
762.1119724655615
335.616126039569
840.9331626716655
273.1628039758161
669.5986131695963
372.53791514330686
643.3101683008812
342.23266551517906
688.5561527793851
413.40972408410346
791.651797170491
329.8663830183852
768.3064230935292
320.705238091567
747.6673232416994
264.1066345129853
721.6547717416794
324.36404867081586
789.6007147085
356.57882243643417
756.8104844929674
351.2832201873835
806.5106711853514
415.68517245581415
685.527759796859
377.76621474046993
730.7633955227737
224.2110130559762
668.7225175889388
403.0593239878505
746.1649486087756
322.0028350825619
742.4171328264206
316.382331369756
662.6462222576866
384.77544106952996
785.6079570791123
403.3104712265585
770.094903812063
336.2475894873952
690.4874496257155
305.59011492244326
691.0100678635068
296.26905783463053
772.4707818748235
295.3342584311278
667.3148078873921
298.12158481396295
677.0187953273877
309.27285190264547
656.9407033276793
379.29715057987744
794.6782215988665
331.4559537753211
758.4806702875402
264.02839037180826
806.8764768897322
367.046480418149
747.6618556846155
326.1287966749576
784.7189285054451
350.1910946507112
752.5708813170992
271.10841753733183
738.0319481946153
377.7799471153372
785.1449460594937
289.4618760701815
684.6826805481114
328.9767767941381
761.0933340634305
343.84141474063597
776.9783928400001
273.8836327374774
760.6888534293895
353.0475014148118
720.2524408812625
346.17950992798745
745.0320620395375
403.55126861767536
678.2474486015307
336.4587577876226
772.1442480532912
401.01477204078424
762.9796047700831
334.4235442427171
674.3936249473969
316.0022190078099
811.5504026213822
282.0225491062522
667.6721036050067
318.8085469885122
701.8931763878496
273.79200401885674
749.3958896653313
340.58592458852365
724.2678270168453
303.9879765530881
742.9260524291184
399.41839113979546
761.5365148122996
318.1782231973395
775.1022889527383
389.51887244201924
730.8208797646016
302.27183407297423
751.4643688436855
344.7428973089691
703.2126870092886
311.2439575668115
760.1592913390033
282.33970930981275
805.6263810449635
340.7702896453117
773.420139195806
342.24039768336377
794.6855490836381
398.7586343025861
700.7364368523552
365.64299017191837
698.1499525788738
238.52319736220358
801.253276942467
365.76621867500353
672.6507645316472
394.19525003804256
738.8205471139223
344.4419585185191
777.2646318581744
315.790563829388
807.34546669408
251.54044712550606
692.0878240650153
363.2108273375527
691.0203036874649
314.3034613319777
719.8162786415139
290.75423640934804
709.8277120561157
286.85935458293307
745.3536614955906
309.748148625884
752.6536244112158
352.50598522622147
678.313965273533
280.67205580006714
658.3222072634007
315.3484553886967
671.2038709866705
260.4385979775643
772.3283148559724
304.16200240017844
813.357359711456
301.921420540215
696.5085232708512
295.32447218763997
793.9196343156142
333.37842769672983
720.5365455955078
289.60183780262287
749.9973981861745
278.7497155446882
695.6616741643734
245.31619086594867
729.2226950363873
358.9507237037752
673.3582483531121
310.9876305706184
742.3984311341009
395.60834143669507
679.6985861255748
270.40356250812476
709.8478895906949
359.53393895886006
791.6803766057759
323.13400453134153
767.593649396395
335.87436243362407
727.4985935025853
345.67323313874624
719.4479192346834
350.2134948495874
746.5335580271799
273.7801227143684
766.560496552287
366.1736917466536
604.4937237177966
315.3041597901695
624.4487554526834
318.5600960306554
688.5208967521413
291.5191751263052
179.6242647143553
134.39745946085407
156.20156556244282
188.93157373220268
137.57403417117683
273.07316102349887
138.68545133118104
164.4946452903594
87.54290691366846
164.84270339714055
238.49880460864642
166.30194842291877
119.35182738018246
218.2959251525815
127.27826340548754
166.5135561334097
177.45694352886437
122.35783559361532
250.93654396372125
161.25832782581892
77.3463478746533
231.20501151478766
204.65397983830485
173.3607217623689
170.67620211075612
175.45347000753904
188.42501613115067
239.90275617596342
139.315700241358
217.09850885511494
267.44412297960105
223.37969492601388
166.86919395961314
242.84183162602963
176.9240330978705
191.9400344478775
106.12852189706317
120.48432496940808
177.36107673741645
279.4918789657982
108.5677714491954
203.4463571960899
178.29192626189868
129.04430628553348
162.57252166591937
157.3598513248043
181.95142711354234
231.487730875566
108.22559458076898
297.2072583952403
228.89178298317313
122.55605865765897
176.1864662673383
246.13120635232886
236.7141307400254
192.70457634769795
147.1224566940706
220.47589386942562
174.77977271789456
107.00978681045906
210.55267034667276
248.9230560490684
179.77943752067367
157.54561620592335
245.8636717148908
135.59469961601053
191.59541026563377
215.11646228907458
219.06312826439785
227.2813061901709
195.8851561941621
187.88157260336638
97.91870051971449
198.27199939850033
279.489750391336
182.5527313767284
165.22225296994466
124.63435988900919
161.1795133401484
183.175789251898
154.54858740724222
151.37340053484792
162.15127751872743
237.13066690706518
55.87613631718234
213.12256308531497
150.81925303517733
134.80566844289365
171.47082095330035
144.40872070650013
181.58868157843207
241.5965517359489
180.2513713600733
117.23187063045842
212.88909467662356
160.5821107739537
160.67260759431014
168.3605292648825
233.38399426248458
207.7432832542191
181.06204327442907
177.31436829400366
89.33823322700258
167.94475666764225
197.15839998756468
304.60246696917307
130.68357893334417
104.65016305665263
198.4912928491167
245.47221297025965
124.74467228816401
186.3918081797571
229.02128506946445
195.3851059445581
214.98044621283796
248.17226108423654
139.26832239953987
273.9522624818865
133.2506494691828
235.50147666102737
166.84709563308795
196.27578298462294
226.41260158021643
190.52593700969067
145.0976350265821
222.8344365475526
184.83262659458592
214.41690706118143
204.24588730121516
199.40702154833068
115.48752788763701
172.09652535500533
38.83946868141851
196.34004243120663
170.97151227364762
182.11345622381575
227.0003045284768
208.2975960267762
230.67650261736534
125.67182875189005
159.004066338296
165.3080068996582
121.48261722094327
266.42596524296073
182.59931654137347
181.59946052505305
254.1965882659902
213.06568987222417
203.98796025528748
148.1972341994322
209.37988687014064
184.26551686602897
223.65027055267464
206.51005386206398
215.76568390641756
153.2174276796078
273.7855685927335
168.9057496783551
32.70704401803772
254.7202173500303
161.15293965099698
201.96694718460637
203.9773766825379
167.6182268483057
203.67850268835662
245.60069001292558
129.5094860835698
149.29814897099493
166.82608575458792
242.82318998957987
121.67584982403524
187.43952451004026
101.82254542526205
256.067508620681
155.23143520275926
205.18881271677586
154.54831685911842
164.4606906608174
156.2711336865024
238.6742385979975
221.0802532398336
261.68305393269895
176.57790162720664
175.98623931183272
202.29226193056593
235.50401380214237
161.57569540663803
225.64181148741858
134.93094004357667
269.70984614906814
78.79546255252109
167.4116211138297
180.361371756421
228.07679906060912
198.3060120261104
190.33309098473353
98.02326509355132
203.67797278713985
178.3501236648785
194.9888555568954
154.57139065226306
230.24920337965509
93.60581011555482
219.20637335282447
220.0615667954341
212.6462101385893
222.16902583358254
98.61884912311609
156.74025596137972
205.31567952350687
111.5759653615739
195.33890320960023
79.01446868878749
306.89426039822644
232.44675624050845
155.11404834988357
88.72326397698504
156.10490675382968
177.75116511772637
181.88778898017563
204.731685281964
217.20958367575545
282.29636055946213
153.4364908531614
166.6001461649406
214.6764088151331
195.32410207397925
172.0483630391421
99.05831991852946
257.03111460033654
176.25905381720543
209.63620000121188
218.4189350845485
167.85818009247012
98.05299511250324
162.92768528258756
136.4253121449102
236.45454223860483
218.76768209839977
124.86179856810648
243.61773412699722
217.84185410137965
175.5626437889871
210.85571919242594
195.53459421696883
273.79820161201053
113.13728022605972
180.59025267560312
170.9102402044405
220.09410604586154
142.92087503256434
235.5158266570595
197.5767819934645
210.91252003035376
256.6093978592796
214.17187493250103
258.935768159002
175.2610278081373
199.767931657598
226.06462008207052
190.7857058927886
208.09285552026867
256.34579676310693
250.31580065385077
216.46686891904233
125.44616566207903
87.4284893592413
136.5910545857169
183.18045606220193
231.5064773633663
148.67265931848152
152.15008519647893
180.8280134162348
158.7301994834406
110.34223169480968
209.81244403285962
132.6650355965988
147.05712338158997
186.5534068710046
218.40705861975135
173.6228275524103
250.37099926020073
218.27619392179292
282.3117873541446
269.68081904693025
217.87885365490146
232.50956278771758
225.50794171380952
213.44124901611136
211.65228869628888
192.83295746506582
237.18009716282086
226.25767659664976
160.5697405750024
200.13145317394645
184.66665458818858
239.70425695289987
194.4496754895725
195.28477550954037
247.9335251281179
161.04559001771486
184.6363827664961
107.92793131944285
211.61723052997772
265.54547569323887
129.04125564823124
179.7536727142828
172.6883099638106
224.99890676119946
221.7277694810039
189.1202263397767
161.8170311385441
117.86389908438603
249.97010705167096
223.51267449934403
120.86479353665366
136.7924227070446
174.2707314344602
158.55385747678932
198.1333237661329
162.90814446355012
184.50955116014495
50.966277909114396
172.22453119969973
233.3206559237324
107.70271929409215
193.86723360041094
148.6169169963261
174.51476270062025
170.49176657420315
258.89417999529906
166.43535760690986
147.5727851718133
159.1772805051098
188.43682733476913
118.2533772462527
158.46220588740823
162.57400119007934
164.6901590240023
150.63804430562413
129.84370238013304
225.58466826080308
195.64512685066765
206.94227717834514
225.965631578942
128.95950068459229
212.13508900739106
270.72574492531237
222.23950193213784
229.5866737650803
136.31145835733844
196.1910820762017
186.77617359669472
281.70578167162535
133.59913154023798
198.77786601291476
209.7471468311375
186.79270562706046
202.37245986387143
180.4767313448709
195.31960359876868
272.9323203581579
155.59509319752527
168.0651905057046
141.57271666436836
275.0047160596122
184.23242507781237
210.89744711484704
167.3530453464916
270.5525079962952
168.00246915875704
203.321467188974
89.11308372207753
204.11889672519786
181.4071373597185
169.90077195427213
171.43010444305054
235.04662311999607
225.0850127081021
225.3613705836683
129.0917997838796
217.8613642382463
170.82733586926014
240.56974532455712
101.11168422957287
148.12886808836097
239.37785921538068
196.9319239127644
131.30578770418737
132.6359167540088
191.4686853852798
127.01631357515325
175.66063341558325
182.00152982651528
120.92115014873576
131.02422986739822
166.67241109077378
202.1379563301351
168.42788754912738
133.28735883228757
133.6154444642736
212.82004583421107
204.60694276072462
161.59651490818084
146.0429935706988
134.65267162678578
219.41650788852644
181.69961236770567
70.7198818054122
185.16377279805604
185.68829823957546
223.31476940542285
72.58558709164532
208.91991787615885
219.6938943209944
234.42455885345515
94.03118538277182
261.37502850819783
210.92029249278642
107.46620760073543
264.12169134333124
213.19594040117872
189.67401718161423
218.79058316053693
190.5355263406268
206.38936255040628
108.9341323817074
224.7124471376332
259.29331644891363
137.78632469793766
129.57608685095033
210.04382319049557
207.9469641334437
251.47493947148476
176.2532431564187
204.69018284698078
131.16125846140574
202.64693254635816
161.1444579314538
283.92312596382976
217.97742785683513
159.77902398161766
237.48679339193677
251.0304391294009
96.1867171587007
234.472961100168
182.3388230209975
269.7400229946623
128.088059536159
187.4610785818326
150.10056353381668
161.3334185343278
176.12110794886388
235.82375958358293
139.53321676975057
218.2946303419733
133.62958243072995
114.23547260107964
144.99714250119047
132.5581851968193
212.6431126344915
196.96578667923524
212.26070512490278
211.12648285645048
240.47017750961726
135.39213037831513
196.9062809122538
185.22317054932446
89.8801007214691
274.72073806116776
157.85932996471138
152.5580164228818
249.08322106366214
223.82580768617336
95.65784413885252
225.3269214775646
111.46395309997746
153.22393211265006
196.16905101832876
150.92891089052466
164.28876306736308
86.34887583012774
220.89192319562906
230.7643419981285
166.4399864123427
123.83858929112513
229.9673097405086
262.7928063680696
57.47429270060658
235.3385214501737
190.3985204071738
237.9363990661924
211.1150145310026
177.63582869897718
263.1029872849301
273.5557426289274
168.02907866294885
194.80707522769612
69.83597814229627
248.71324497146247
156.57612503036694
131.3534152481797
216.05308669308755
159.49817912700365
143.9252592469846
144.85709005663966
174.17610148910688
206.2786198369231
248.11577431916425
234.8110279258675
144.22164126426716
162.17171766251207
194.0149292601213
219.0957985585236
49.83201875960684
294.1117749662551
109.24597331801904
204.38182922969654
99.73503120096466
182.77586035134576
154.41262300102005
139.20508567407717
155.55932050585972
133.2617512589231
198.93783618133196
235.30809767282824
88.90054956037693
180.37221432089092
42.68519578335619
216.34250805830746
125.19896616020276
155.98683746324903
47.658557567906186
167.68770199614562
290.8549921715838
247.2331514156892
157.1426294088066
261.51853714228866
114.06470147926694
176.8003421904033
214.32114271021373
207.96132372177348
148.30766660396884
261.99364753603146
155.38837684590663
221.49155237644024
87.9016877182793
184.75889019831817
137.07821749848657
229.13128558173185
143.83180025672297
201.1539752070649
207.8402105332545
238.00523363928068
133.01493654861034
192.38783736493826
144.7285565023098
183.75302956435368
181.11307066829823
197.67101655245108
143.79514974778016
232.01328549449912
178.88063560065478
234.75654797216714
225.73538636371427
294.7102663755125
153.18071291743553
197.96126866443797
205.61992782591875
208.0834286940172
120.67609455146703
116.03179258394276
28.89161910692974
177.1199139320119
167.986760591503
209.27016650411397
149.19363822047697
152.40787033931284
155.75778682889822
215.511031855396
230.1065534045799
221.0408527396517
266.6626667668516
227.22516507961558
208.61266613302507
182.82876015015657
133.03342948860993
94.65113780912951
217.85205516398997
210.44269090313747
134.45984160992234
201.64181544221157
144.1601599699514
196.9735054879696
139.72088401973306
258.4143261350812
112.61346351475669
269.8098282721133
121.90407377388284
146.00832357032326
185.14889751557686
227.76447044439078
132.3905322323513
184.4084948020679
242.81187048929044
179.33663202995137
133.1647526834708
239.35885812295552
231.76011344252416
207.4947617731276
212.8651204493368
281.4056529839526
187.35660546623023
249.59692259492962
223.5371525828653
169.80755136718898
209.1979410999663
277.02155028501164
158.4864449497353
125.00020719827535
216.84235468013026
246.36465404679035
152.42547383529273
206.64044839870527
181.3561648237475
217.5429024868466
180.08535899840086
276.094117365549
222.72724184989278
148.25828734472674
102.87801103747394
243.02030177075218
176.12815948532537
243.12916018548862
185.03313862155915
209.39847566210037
160.77684538742716
146.6761917575554
223.1735802734452
189.73662223267985
120.0615170773907
210.12317784011873
126.9092509882964
176.31301817885983
132.59417211857996
114.9949942826899
119.234269450037
49.49635677425567
156.4889235099473
212.09727965159894
210.8328952630223
244.66255349668367
198.357319198266
174.0993676069981
152.18098209129494
210.83399053968725
208.3875847547141
125.90909652342866
166.09632850659816
168.53170259651986
180.7168022482778
202.19854952936902
169.63832102559527
211.0961582443617
125.20678418558427
225.33698967247113
235.5888615641245
182.46547391655477
217.09563803399385
263.4399883430184
192.06066687392982
196.04428971035813
166.23187478900613
224.14534534741756
162.6664609216793
145.48557926196597
93.15051961599144
266.69909705717635
150.34537421164288
242.38589829964866
140.66171038044808
239.8024690994389
148.6833141368867
170.77449640005074
265.01142056004016
211.75712358838234
225.38483415925424
202.0534831704222
148.08289651612176
169.25767596485827
103.02057405033587
204.9974023694452
198.43155957069112
206.15684959604252
215.15356333656794
299.18445140924587
168.61007612875733
229.02876907041758
144.4410994114374
235.5238024006121
231.34244457854012
191.1849085301724
228.7055221504601
216.44499048912442
91.49161520403536
242.18311390916344
119.94237784935882
207.6854616814281
116.97099508489543
207.67849772947358
244.5197168252197
168.5450335512
113.13269709649526
197.3580771598472
154.64612621167365
220.54999549710573
178.52272481855348
207.11034967874016
125.38538226425231
209.5931508412494
202.7404749843167
184.31665493733158
146.35687711837284
229.18358834535618
111.0446257817695
192.60783013573644
137.77044218211162
192.82015819766332
134.85975921725733
288.8323233009496
207.6068291466632
228.21069434538816
269.22796677003817
188.56092698537134
175.79143741078067
192.436495944266
187.47055533776933
206.69471613828776
164.35096733834587
149.51491689063116
179.82347469345976
277.8088910287484
175.2068622420496
130.29866271793978
79.64291893539203
166.6732552136855
136.72247990366685
200.61899326522092
76.44501819669775
172.18357028510636
61.93147520369378
180.68513758049957
160.16512043989678
183.0501304229134
115.22375314677035
316.03120275620665
137.41031756230151
210.051382885673
124.19506851370438
169.83088810159052
119.79126018424844
249.55898700528832
171.02620403405473
268.07288516688857
129.41647872732335
210.1364762245786
216.56551378702875
150.71594795925256
140.50004023405117
266.9963201071174
140.19252134667937
247.9343231571121
140.60244633655967
163.22274412237516
103.30030499185703
188.34394336494137
101.54564636784723
284.9785696580353
113.65954888438642
228.98448433151412
144.3820037797188
234.145140787772
142.49654301219127
172.93506209558763
215.42956204553053
228.231914470843
220.3322601074745
217.44674188848018
187.39528039647215
102.44410946994584
205.4320799327832
204.4577104800846
74.97102697268414
180.1631523183651
215.4803214638422
225.18119799125736
209.41741168048617
193.49031818764539
157.2368686595403
328.79750888783576
192.34060156104562
187.93089616367297
130.63369180167822
208.72359928480256
182.75189232245697
208.2506031894387
213.82721295393657
184.93833121697315
130.23195991754136
309.561417648448
147.88266101411915
250.7882237234379
164.73401857153215
204.00019688855008
128.66850851464062
153.66504265811707
92.50952147901485
168.82649860427972
80.25885010515312
258.7993461289453
203.5707228996256
118.28191898494158
196.95330758943345
147.85689419975648
103.17646575773091
212.72446764426226
227.07173823889298
170.7870907825292
222.4859974859903
265.8794393860136
175.27402320320874
208.51961733593285
171.27195647292464
216.27937562144365
155.19119795469985
212.95438953785802
190.19478348784816
275.35917907916973
230.80639539513976
229.6724971730415
214.12615131230615
151.1337192148613
210.19721788309045
192.7263796714171
249.08128714700752
174.35529465463082
139.76079222998771
205.36696120642642
222.66408166858378
146.9584997118804
240.10856048058866
215.24488428605707
89.5553607811881
164.5035884487337
265.2491737776825
204.80480625957102
109.63892736399023
222.0595223996641
193.72516610645255
176.22953911022876
90.88014439004638
175.2207654471328
262.0235569848968
81.76898117718873
231.3758591584673
109.2218071795387
106.48390776802478
133.31006687406796
189.91331926349568
216.95312183619234
151.49589268020176
199.90641665365706
225.43970299678168
209.7811275709226
109.32989547146835
259.31663116140277
195.1382455940821
270.525593277678
178.96748101373169
213.65226788303897
164.72566223172018
224.2004022449851
191.42008644090023
189.30302593661114
228.89451672433296
303.15863595800454
128.86941233101274
157.08329351165114
161.1016395067875
189.96730177086263
183.7770354046667
226.39954145066878
212.45687354032157
263.0905236553507
62.26103579934396
175.43090011217853
140.18687014612428
206.35446443834465
139.2138134924049
220.47676232844333
154.53611395991408
253.54960084474914
181.8236892479811
193.96538687860607
197.44234431735322
257.11177178911703
119.53152545288879
236.27827289434475
129.77053003674376
162.7770581368439
245.55790675045654
246.28420244148612
178.99956418927275
203.68464923684465
150.13278056111466
177.30477066101776
175.3009179925321
229.19804539984364
146.04180070789872
227.5107107726865
217.6230753159943
66.65124443745572
207.17793785579732
208.49515225766163
159.24958427736195
179.53790869958675
122.9874592839007
265.36299966693133
168.0571334996367
129.179287666123
212.80003301402996
199.37866549639335
246.2413055351475
132.34604065790472
115.029615274908
231.44068118958484
140.9864511918121
261.3279624673732
100.002593108618
155.73754790445233
204.76266298849103
221.39050146672392
219.44332767852404
239.61348986904497
235.80356925556103
269.03098851916775
171.8352516310963
222.5286112306528
92.46569577480881
242.48708287047765
178.66336632396923
217.09140050472462
241.10150718827333
93.01249528865296
106.33408224135113
179.3019044507432
129.08110235600378
168.0034720021432
153.12080606374292
139.2358894724407
179.47030535988426
270.4514070395921
166.36635820139287
256.7138982283644
233.21174940046598
153.12165766146342
176.10807219734718
180.69119123402746
108.85049488144458
245.71908938861446
60.93703510548637
226.91384693290703
178.40925097453166
239.66361352711743
153.4323585627924
96.0087883601258
107.40665566403314
169.8434041649719
154.76158448032575
185.9378494916793
173.39166655562485
221.08865449827462
201.8556539689041
153.63670663744128
196.73661648611196
128.11755352757592
120.55879355325429
241.36955960325582
243.3328291280278
155.9467227430657
158.25276225491217
188.42456851992216
198.90265960376982
122.82822766419287
136.98722742790244
200.8398319740509
169.74016324027696
152.5218902385635
164.01821834032827
271.64320807172544
DatasetEnd