DatasetStart
282.3617367814583
321.54714859375343
-6.114133966867939
439.4301006259112
544.5466423857642
214.69961156197257
346.61508636663376
310.37465351328365
184.75796696244578
346.78189166041125
285.2037492266833
347.1774701450876
299.2864790002855
343.44980820539956
242.2006518931547
497.1041302926152
371.05748166289965
325.8048601018815
346.81583688258047
282.80723037323736
381.5537299539334
305.89929033563095
185.39091380830016
326.0431339991234
284.9518147333306
339.69125599918226
172.78715398791172
345.6041922382099
335.77698132222764
295.61738673156157
279.20652698721494
324.2021787235434
231.47003258451312
341.954501968139
220.33563440947796
258.47811520060765
366.0020788265391
322.0651397788342
258.4140936838995
389.57429891934555
294.820718625425
319.38502925863355
226.7583186263716
274.07873511945144
291.8198276050034
358.56050074907046
125.98064709558423
264.94662774919345
310.0968963321213
352.2481620191118
236.87355205460446
277.96221470053445
275.8728651394424
325.35798272702897
262.39544196776774
380.14044898033336
266.6881871886263
351.02399174196205
269.98739011351427
393.18582710857896
291.7616656327552
287.5994240356121
229.60446606477294
320.63341138855407
370.8580850409236
314.81726411216096
304.7286141020999
270.23624847047046
383.611445975312
323.49560835114653
271.80304172653945
382.43627438248694
316.0828442286321
293.98466134784667
268.70074774225077
264.15460900660685
277.1113439130566
253.4560987530734
371.0871519914798
346.96794371449454
304.1010175018197
227.7793703009116
368.37805191206985
332.6935300123415
300.2617877924181
336.9983885915637
315.5299849580288
238.5703020078048
263.4378847787777
287.2104183562558
250.4992295078605
305.7214155862834
266.16507293569794
348.50839051132294
329.31633267616075
277.84042839144905
257.81015727727726
374.47573807307856
209.12733500539707
345.7360022775096
321.52327354107933
275.3870012858133
322.3236042000981
219.13763334716091
315.69200997509455
334.5374427174007
221.07558616715272
349.6845235103754
225.8532447367255
338.1341391366344
291.47052438225523
294.1246328892532
276.9316830913626
298.6838969515724
227.05723918567924
344.59105952974454
321.776590317741
368.4058637729837
246.33237602664707
265.13767702640865
251.1296106416166
352.15022625524256
238.90031647270484
295.4439053505101
258.55528121604266
291.9370985012417
372.65240926763687
371.0148774331969
240.18694298722897
405.4040306735393
240.0920046873734
302.79865078629376
342.0336108842629
243.827371863545
249.56853754786357
386.62082151124025
224.0220061329078
278.2235757539148
290.1484876967713
298.15214153439547
346.6278373331418
306.7874191917012
334.62371636995806
367.6500921599155
278.7257679611177
319.6129416943305
272.02554412027615
407.77756306651355
331.63266959392024
395.6938420120259
336.69228641740983
312.39076218242354
211.45809311645544
236.14362736976028
261.8597560776941
322.9228031285473
305.6353570439785
345.81155535156944
297.21348088575655
299.9084819368541
220.94848300238968
324.093030967003
255.97550708327142
298.44171613981644
366.5603696887014
368.1840361229735
302.45135540492714
380.33724127265054
413.2290524100562
305.1889552928286
244.81289304587955
258.5766097770389
306.93559355013446
342.347459373128
280.0713669612982
396.21457866819185
309.646195426566
470.91901295817536
297.6566442598592
290.9912319782346
313.7204033225576
343.01999848306383
226.4073571550737
287.90463537326053
268.45079568733115
352.51531148190304
319.95880432347127
333.29388495814925
266.40460685463637
273.5274538777073
392.2315343879254
295.443545907562
240.03301548489134
307.1275021425635
293.1372084002497
234.85435990535024
254.48921565608143
268.50714355841023
284.96865103871465
326.73509942581313
198.0964238163146
269.07476591958294
406.8385998230534
293.0632791623313
229.76925748168557
247.4306953396436
275.2985975943886
355.4143021133323
273.15182364638895
283.21406278820217
360.27595025189294
302.81486210386896
381.69219736808645
356.44365897244154
324.2347956641954
224.7085159520035
324.20075149660045
295.6041154160615
270.5362158639813
340.89319727908793
227.78948092128218
366.2194141112373
259.8722586783947
248.25976089178096
270.9824156076596
361.3875294177834
303.2698314133749
292.52951049383
280.50320490374634
335.9347784804496
270.1696198652998
299.205072687244
243.08321604905385
393.39304427911065
287.03371940509885
276.0019249895398
177.14088373857072
352.61116170250114
242.5884862422008
294.69323202380934
219.49039205924032
484.2537226630799
276.7177440608739
320.4363859760879
316.8751421102979
318.0432643194492
237.3880311316757
400.41008730251406
248.52624556474325
306.29957911230196
371.3478516563132
370.1296936922951
316.7210862306976
353.29139954121166
241.32430571825472
377.2258827069435
229.10712473596638
295.37015331698143
324.0176734666675
344.1805184645223
263.1244073429409
287.9157897012316
323.03892511083666
360.81115157934363
301.4380602546265
233.66797729276544
401.6101697836766
384.8684923159124
230.00705625808712
356.120706254036
281.81272236836503
305.63985059130397
355.80950236720116
279.76782937861265
331.1146432276036
337.93921986254594
216.23697507136237
316.0751782434858
237.51769143739074
302.63795012584484
341.99907828031536
256.55947617787615
243.25123937367715
369.808551037483
294.96347522284316
378.86886652232306
313.4529528589304
299.0004866578391
325.9645826994592
298.91202283754274
293.84752679175676
307.8538597542447
231.56700924128702
337.43057751840166
245.2553386607467
258.26150799885016
234.76194872894075
303.73107360948916
180.24595135999277
272.44424225202437
328.8748241267241
289.4447978075774
222.37521391488792
321.8537731740854
304.87625225583406
352.9067949437624
301.51239381073833
255.47314275854012
259.9830993073736
296.650464346875
256.7111429234783
374.46612015223843
344.594972954704
342.7558738704389
282.64581289080076
376.02530562706517
208.9602638276457
322.4328608602816
310.33867388755647
298.4328353982181
323.82016958937373
298.6733684617436
388.7151048561309
302.35328333013643
231.1721894710695
214.14776260223942
246.21172423568964
434.32810193404396
225.0208517702668
267.6768071817133
203.2713255818294
377.50832389566034
244.40336204371783
385.8314369219027
195.57733265574538
319.03150442785596
247.5510186009219
387.63496535916454
241.60411968899513
215.3195198800633
280.2874111295098
327.1267386821583
264.05726675013864
339.87081602809883
287.9224358188025
325.99344541768215
329.9503476804008
276.75168054782034
376.37003523163844
385.21329011182416
244.8652369784988
432.07214621845696
359.61027015083846
322.4754936709388
247.7471688611006
355.89565151578165
249.04605817717598
291.86569772146373
200.5798760476947
358.14611666891426
244.84049188716097
376.822091254959
256.50450522921506
275.3440250545999
299.15407171696177
329.15378475973586
319.55402052227697
309.80491161645443
249.81767250924318
302.9604884529746
190.08439601991222
366.87633461405665
253.68675492009936
422.1095582688416
293.096283355377
328.28320382783613
279.96138032308886
376.28125841051315
253.26944289826983
266.9577568462876
318.4862926886483
329.76856285037246
346.9704248120965
316.3734851031981
253.2030232517339
284.5431892521116
352.4665101700912
295.0346818349627
257.03593227449187
380.53296799954785
275.729587797527
250.24671785185365
265.1607161604649
333.24846571072754
237.7934087668573
301.6034264723405
335.6142966528268
249.54741315601498
295.4868734602736
365.2520938381117
327.6505406989312
396.83390960036854
301.3766254609056
407.6994873292113
354.25074898441267
283.06267886003417
323.4358719664496
265.89911185029325
348.05753023399484
373.0180772422113
315.5110144366313
336.38242130269373
385.35917922677186
361.8043708645877
247.02314266952436
352.1159999880641
259.02125385265276
306.52869138054734
303.80674066419186
332.0813168222398
256.8180641323469
331.4489645892449
381.5940969777963
311.42363806606085
251.52765875933812
392.08984952322913
330.13719339314883
339.8033773498379
280.9907607225888
292.9459293921659
352.37008698766203
259.3072139799947
245.29175905488233
291.42570396275386
253.95304092533453
353.5558791221787
261.95786550001236
316.84319885400527
339.27267774946574
251.65666774351018
187.5680457989391
268.5970294888381
266.65240952258694
277.77514595368086
408.07062085334934
423.16340916768706
303.5062909810402
343.179518937256
375.69914230465804
365.0777243177371
204.02134176032274
273.3009115201816
209.67062170023036
275.80063243358745
268.03344159449273
356.13692541595003
271.967925078659
244.5680945904706
229.9396618543037
316.6313960510816
276.70160144444264
359.7711128025878
255.97180150107945
287.2380305400596
290.8393696834095
421.25723506490726
266.8994197679395
266.7232409124227
149.7905878786226
299.61370472027164
403.2489110456345
357.03012595483693
269.5040510146167
290.34303199181534
381.43561019507774
338.6908613957233
337.8771540618309
320.62834816498605
266.5686610789466
306.9548415810473
316.2419829749445
369.0268264062451
336.86801110614965
280.1316899888707
252.93593047149184
384.10814491105646
352.6675408303455
306.1175136955473
343.0876702250232
338.9703580850577
259.9681086610426
311.88117904445687
370.98147840067827
317.1928951698767
368.2010178607101
339.93490702370735
216.73963223543387
289.71076405891165
329.642958442051
310.17601306305784
345.63782674424937
266.818365266673
330.47613603108897
281.0072206227354
228.3050588536337
264.2545291970431
259.863775250549
296.1602350920799
290.342870665399
227.96984380252383
362.0465054724725
284.6897562965007
289.2502785900107
308.955787496102
341.64003673727734
314.40705516773824
357.61616120222806
359.367154341404
327.66947141438163
287.95950472146234
400.4022001837994
394.9386765875355
248.03717177124247
377.93468074618045
231.8608907642405
367.59506223839855
195.51288781057613
235.23818511246628
286.5301701180086
285.68790585902724
332.08029769002843
355.5084229985839
308.8821355858259
343.02945014477575
224.50484937849762
273.7281853103763
295.6776626721849
229.06155287607314
370.0231467310342
315.8722321117949
205.57098673909803
415.27312175203036
297.31984840957296
265.8114147991798
232.7906537262825
369.60062314705124
300.0837950642828
277.23918281525704
286.58530214685214
336.5683977219433
253.12523330655904
311.91367811273483
282.443637733023
310.20838424783534
230.11493595207727
400.1902894743507
255.6970531313255
353.2759822688521
313.95675311115485
384.5178505700555
263.046075153485
330.8623418840082
233.15196951312578
257.1569253506757
189.38018648107106
372.86121820026926
267.16056791419953
271.18751292163523
305.9037355706335
343.7074477478302
277.3845962895076
322.87510511033526
269.05611790320546
365.82577086607023
309.4573854921935
289.35828112118696
289.24560719948965
338.6496158917297
328.5869371018006
274.93766793016005
396.9075538412611
312.2281785400286
364.083589613678
366.1946682699295
155.22316951400927
338.58720180893175
300.88196136154
400.21940879211553
235.5184879881086
293.1482941206172
326.04109086620633
314.8646842353781
198.058916278757
350.0408646853955
281.9019711760311
289.9387028999737
278.67800052296275
318.488186563304
280.6595622549953
312.942914312165
276.4807421917478
314.8416042225556
240.03777323297302
276.25340246081794
300.71933610868524
304.586868420303
278.88675714018603
342.673865292792
348.7895344182143
371.1314785150955
187.2495901650035
345.09140921895766
198.38189046443546
357.27309682683585
227.39066594216789
372.9562629734994
215.62184852611082
324.7367497211587
169.75974273931828
378.82366947119164
213.22793501963397
368.2859328985959
275.4576148245327
334.74813854922917
221.49422626193706
356.11214363084724
299.71044358296666
271.49733236327353
247.60828006620275
392.72605073939786
336.86552702715375
378.1963837097172
312.35718641842027
377.3691700133849
201.09024247929847
318.0354530368301
323.29581817465345
381.08347934984914
279.0755940809811
369.0317249180694
307.73366575604666
351.0667225165921
219.05984605235645
294.85957819360976
192.3955580899048
292.0141332489692
338.8251049497266
371.62431847811484
298.37855643732917
262.98716847044545
271.4443675354721
338.52648030118377
328.7121062497783
288.26950402982754
479.8186963671291
270.16561550826384
303.46128970388736
253.0765299525496
230.16207574348448
409.97501496536216
213.94066383646233
232.20182612300042
284.0667152641831
316.22667948860004
223.5428969956451
307.3879413607332
301.6067853050371
315.65564399872886
225.00697961481356
361.53208236559874
281.77560601198866
320.5663755894039
281.0856621408496
325.49365196249954
250.1701744302869
378.74042371924253
233.68888655151807
473.59210018514614
325.9283959639189
259.1018264704924
293.1992364637452
304.32693675985354
246.12076108510587
196.09454910170223
330.7155875598424
328.2641529021203
328.58873153794815
407.857011779353
183.73236503510623
367.8544200365907
283.9229246724526
302.04811539961327
275.42184420706064
340.34357575003094
305.64050011237555
331.6963201451487
218.95724430962733
292.3901311950913
340.7464837475499
323.68615653000785
248.82462845966376
323.791992417642
379.2253772167465
337.07752327451834
246.78216307451686
420.8252081789773
268.33686735461515
314.3046834129014
257.185313370273
276.21997733345097
187.18003388949455
279.3478233604353
217.76736983202778
333.9354477679779
228.55529218410356
312.6694911813785
360.46254825552893
329.9790906179918
282.95780280567175
364.30220434675107
279.4112238386847
294.66585694908235
227.73144007522433
376.8660622288939
284.3522602229514
330.0633749059212
253.96408738018917
354.40339840521887
186.56958803036736
288.447812493739
259.20548863080427
319.234522011605
317.76978892585606
325.6882465831488
235.72348003845704
273.6001726622146
272.65615861054835
373.60569739964285
210.59005712757346
355.15776423909017
307.97538461529086
372.64933908364577
339.9820825696115
266.1982996736003
294.2115399565243
353.4509882882586
248.8750674262486
300.0648344804129
374.50609734297376
340.1715075472419
266.48829056706904
347.3468912087303
294.5754690251724
298.83947040405565
227.46694080512708
314.70045088543236
249.49866172197295
453.1716818028204
267.03074853110854
194.40308099764655
210.27455764233383
381.8687246067146
350.1680853793064
300.21055208248407
341.4926885750049
280.9732943113842
317.8180654704264
393.21568277850787
195.87022774867935
366.24679821577087
270.915959907379
345.4250603637003
307.11965660214105
238.88775506488957
358.54797146191726
311.4614666496985
194.28664491097865
252.14707712750283
306.823845460577
252.7631702574841
202.8701389475706
363.59019257297774
210.0585096634943
299.58760355230544
310.05484704333486
358.785222911729
282.8659410041786
347.2129320266944
198.640975766312
225.40759300911685
236.69210578997405
383.4446441776636
345.36744970226766
305.39338299313465
395.1754209318067
332.39053320640545
299.3760141849625
300.45768322600867
275.08283832745525
428.9558967804578
384.12289345878867
297.6937173098247
197.5928986212323
244.60731762532578
306.42755426551275
445.96132348294094
290.03770667181743
292.4522773225654
327.11409867115884
426.7131727834826
326.38150166458826
266.7550568819201
230.24029224866996
410.0858179621156
278.5160678324284
192.59941175736873
235.60848857496728
295.55049893954515
248.59077901984318
312.0282898735332
326.44694241466976
349.3426567097151
254.2606027157381
313.2706389857107
372.2675276353309
312.95332020355
238.282149713406
225.24435757937823
229.22146035523056
232.84642181356276
262.3735410658419
348.75045400127283
248.64280993148762
266.53393041319396
304.9418549679091
302.43963808211606
294.60598306026264
371.5156062697775
292.7341982266067
296.2209455573359
306.3512465933561
408.7854491248763
286.8358736201761
340.2267980962184
251.82388850128515
347.7351471382473
259.4593060261778
287.39442763627875
315.58495556714644
288.12162685314877
241.97427931859312
347.8383973519573
270.7986464470744
349.33753405915763
312.5717634561027
345.3326806743116
296.7283215552031
324.2505848726902
331.215898616031
322.0973223661725
229.30057417115285
303.22416863509267
242.45184662787085
270.3608361532426
255.9605822896739
336.1282850699997
201.08834828397468
380.5307754106771
320.9572713826583
415.30036403934474
288.5556308724743
367.6792482394725
233.16647811882527
336.99315641815105
292.69953947542547
432.24127163763757
273.5419211557393
342.54558077805507
265.05005807635683
298.4873921116732
287.9747901800403
471.92409085604714
276.0986182893839
268.0630071043758
321.22811743226686
328.3335121733716
312.87714492345776
220.63291302963705
263.9466479990571
339.7510787323834
307.69538608390985
367.8160598701359
294.0578742792285
409.655062644384
302.2314056903798
287.94037212318085
278.25988705413965
234.55782523524124
300.36885310235954
340.75800438857397
216.9840220162859
340.6448600636096
276.8166853929434
227.66145503295184
318.6861892325643
343.8779630258725
424.62838040929876
350.9772939303734
252.89833689583267
247.10374670507662
281.30300231203825
398.1022479223675
263.1415139693148
218.65183881644452
317.2319578746032
427.6733438789862
260.10801936650915
365.4341274372322
250.18191237180952
296.9110488809024
306.87393803558484
339.9080520511146
189.3957758482824
354.69062224118363
314.65638310361487
236.09193496274403
249.8454067753405
282.83418082511344
319.52510928107216
251.3250739759976
287.560453411168
263.21385849630093
344.37217841999745
338.87627888335976
189.05958257579948
378.8467185215081
236.28042883887275
370.1011858113149
290.4683229750253
349.5560023975658
305.17785840932606
239.28367987890474
293.37623500426645
290.78647010220146
257.0750471038668
369.15374771320455
317.4583869261846
378.4128952742052
233.42505731076704
316.23419898991506
283.20590434945893
316.78083923583773
315.42411441338277
346.34498277080786
231.1354318937062
386.89084179272834
182.04737579290202
423.4365361755732
327.0316451306055
407.14423397892125
169.48608476450963
342.5477849876591
237.53995580975823
360.7140157885669
255.12834522303143
305.8770352349167
263.1185532568446
336.8357679620368
244.33184192410297
283.12907173305155
304.7182451891511
320.1967584007158
179.56623525095097
233.25087896997547
312.3923370292426
256.5257912291918
239.02972362183982
275.70024180718195
270.7908010879339
432.8610194587906
267.6021107042278
375.8835534411065
321.3588092330801
253.4470719968287
286.7129906474795
324.43273597542714
310.01483196354775
260.68432444155275
256.48964159669225
287.5350844885911
303.10275072038115
384.39773499200567
291.9197619465571
390.8619598602213
303.1787035696562
324.93921381848577
284.1361690217066
348.113320989208
400.8409591292164
397.6804399700679
327.59617513713727
326.01791851041054
228.75253425880948
337.6812146623344
165.35820755109978
326.84344279879605
-14.690782375184735
512.7905086472313
50.45802658390721
460.54083959006005
-62.64690234350139
511.3357083953111
50.280083315594204
569.9286349752904
-28.11187589675551
429.22767071525305
-79.83995255956924
373.9772351306985
-18.34420366575152
520.9991026248249
-50.545887490077135
309.37545658733075
-54.83899390816361
439.91691010995294
-33.44664647541645
362.00296718839485
4.2824340310080125
393.57611396480416
47.715150146655695
426.546256971453
-105.42940281217682
445.5687819909153
-13.508561113474098
500.8854317681324
-67.7073953579783
371.6724316607457
-53.493999984192854
443.9214872964209
21.157205814989332
509.0659064944624
-23.148443119614516
542.824514121826
-20.879949584410245
429.7881975764106
50.63618409836344
391.6704742452821
61.51847974823286
458.65707167391395
41.18741613639027
410.50284631791885
78.11329312009205
421.92853962134654
36.49857914844843
419.5125145875805
61.49022459896635
432.2886374666511
26.07572141531893
381.2452136403334
37.137632846405175
446.07257591547557
-93.92394095554882
460.5696937771943
-54.06558374582951
464.7666242368943
-22.17907365753506
523.4167129218853
38.52881119587564
489.7499140040371
-39.2643889066063
410.890595403418
-28.63122234308418
505.1615960762008
20.581320814590278
472.85324491705467
-96.52447988791195
430.4586944880305
-54.199850999648966
428.3500596291524
1.4506048411284986
448.6069339828449
-47.066570394895855
404.0242534185892
17.768090491806163
467.7155208794076
-23.26287482853096
429.28595357793677
40.82074930286991
457.6941192181254
49.704680640750475
447.42073782084725
-82.90883372744364
432.9062231896287
52.718797745667814
374.24483088437853
-40.023414978845345
394.45637826316573
41.47491018123714
449.04982648670136
-5.17250380123387
405.37674026657146
-20.897501834814722
455.5009871857504
12.196892392984914
423.38249135834957
28.122557610109276
396.81617607457633
-75.75598814879595
342.49053901249675
-49.67875365606372
402.34835816091874
-8.535987061192547
448.2575381325608
-28.543708768669795
514.8620785172257
-81.90466340351374
486.4117423285708
-2.5771113250638544
491.4435301136686
-33.76471970041769
523.2876722032186
83.02729720754441
437.36735817161446
-49.57158819310987
481.79210930843846
22.665104238994594
415.34336564187197
-28.019383046258064
456.51523272349004
18.168387335217965
425.272533598569
-6.332793332754828
353.7741332094954
18.65490831652457
408.6846985506586
-10.895551709010263
526.9653828095929
-10.90344202785073
374.81085551465833
45.9079874702181
477.5541271798174
-37.2089184488053
518.9288957266082
29.37761537925048
365.10568470892343
-4.251758171514839
421.6636624356407
-57.28586708390391
500.70276304513914
40.70189944779481
335.8396993726578
138.44966584942333
446.0668150236861
29.42762866272848
381.51372792198174
-0.5085491103084481
447.24227087213677
-79.55591506102564
464.4361812915833
-103.9594690470936
442.1976415799452
-21.60987777624146
515.9078659143792
55.82646968646012
445.94579129758296
-51.14074973677862
453.53434253427287
-35.90783138931215
565.4057919692206
-8.036276856444648
377.4414976148691
-42.017573184752266
446.96535577682636
-46.378842721683135
407.98225872283734
1.0978437854118503
357.0092412012372
-27.595542608158752
372.268215553935
9.506617744923089
405.8338796750326
-20.31381148411361
338.7350785893198
-38.01048612543259
370.93438986384115
-9.822254911671894
384.44911825655447
20.136187013323692
470.8834187358866
-31.513183677423594
337.8844534148525
-6.563303668010242
427.3773952924214
-39.70946243734086
455.37189012062714
42.39327131119751
349.7634302295508
6.742217614786259
436.7293056354178
-4.810135969866337
407.88042752201443
34.589760708606704
398.35598571282935
46.46404394817726
458.8337805608855
12.719557772211989
357.9233098196683
16.004153933461023
428.6078715917698
6.232543287593547
457.0003568354875
-43.64505861991435
390.2019711331717
-10.842808838506421
390.81621467638996
41.473767151173874
401.96627772061686
79.91283681995382
456.49611072110594
10.040955486754537
485.25165828099824
-33.48338070731569
485.25654437976647
-5.469730994860704
425.00475505085706
10.469049201292513
347.1498763867097
18.081682268282467
425.35254716767076
-49.80184234335379
446.00330290817635
-55.709366914839116
459.67875000633705
32.634068103133416
486.5095436792461
42.7818222900897
419.56647172228463
31.15070265583646
466.71362882084065
-85.93791485331985
398.9392526641609
1.2107317150333765
464.1214947534662
33.363809674994855
319.8476096961122
-41.5367724482136
488.466764090417
-29.39864107657141
397.22011215309647
-53.011955626670634
452.9416700563183
36.15572473348216
422.60983482732433
-15.836996871761148
391.4434254649499
-30.115822840595936
483.2647955346584
-77.12187889330039
472.25302041120824
-63.65903521739244
437.2411222778201
18.9542790243895
412.2517276448736
-10.363375182447957
453.251331786798
-49.21794386651323
413.1683114860067
16.22565926219721
480.4323742799706
-27.658721236096017
415.21958416318677
52.586733585267844
493.8105792899387
5.8365406007056535
414.29810943633777
22.323614186077872
404.83300688015214
20.82953818927162
436.28694647140384
27.02879951679803
483.8635395149641
75.79058416410476
435.3222198486665
-25.39406090520369
441.1165369072971
-6.111309245185299
420.88517117769595
23.624496248709033
371.14273063865267
13.498217074238571
558.1166548335668
-4.389080363242481
381.04873828757536
-2.617951202572471
366.5878511812074
-59.67585197003763
505.19139404898453
37.41751577188077
482.32399057094693
-63.21064217760841
364.24617368872237
-36.85248391415753
498.1397330030737
15.488396869560908
424.8350379728323
-45.19904922856127
409.250704689554
14.37443057097266
501.8167187203368
80.58781476393446
468.04124012450166
-46.43886622402519
525.5389092559175
102.4071965448204
421.515302400049
10.11380927984056
347.9468094290327
3.0870958980905456
393.03096290033864
-8.028174198719373
396.6811828903719
51.853852747285046
513.8826574766612
-76.69760192774288
425.34106613720604
18.497225177548966
475.0347203029172
58.3164822319974
504.8145080321916
0.01788735588769086
417.05060852252564
-29.106537186944173
406.11382716058745
82.06109055642462
453.35250200948707
-24.89869822887041
381.83211212737484
-29.462391012202943
490.35435724191507
-52.25897121693179
458.21313446558463
-0.4969966541597213
423.61274133941237
-8.89304848595885
457.556905927122
11.910391072128203
431.33890346446697
-2.4919308988017996
382.8269096541951
26.1593778226477
460.74723585940274
-44.59496814123271
458.73602008198037
45.870376328446675
449.7270658312098
-49.7906266992633
395.3305098999474
-1.6838143555165477
467.81815195525667
-9.789710428464755
408.88681763845443
-38.64258491057686
432.48836331267086
58.22874357580771
487.29978711305654
76.27602413050016
539.3235293318133
5.8550039657317985
407.0853561782318
-91.72787915124121
358.34169441047135
-3.4240020054994487
581.5750985028311
17.482970053980065
457.6849939360893
74.7261865575395
489.08509082644525
-25.718192142120827
398.37172148251955
69.80145696978823
544.920447277705
-47.358449506405755
325.93049863766936
-4.811942512266206
525.4655938335372
-59.542230425452125
452.93860114449484
-48.30665432974922
448.3564855546049
89.81691747024787
448.0334531938969
-14.408421662848346
450.52490476055
-89.38995473285493
421.2357281035777
61.46979720950611
479.7908413221577
5.416196622509627
421.65772271476555
20.188540786916384
399.65850018485656
-74.6358929144722
416.91519982200333
-75.13131624131142
604.9524217413082
10.522933615528167
399.55743874808115
20.043025162220225
409.2132147423619
54.92980591894893
448.81686580074944
-18.345158614218278
485.8787353577335
-56.93415336501695
436.01830174754
34.99663019268851
488.2543334513396
-8.750106182035966
483.07915373657727
-32.39905669038007
382.8620934661803
59.286420494504085
411.3070926044555
23.36714790002479
497.4682196055709
33.79028243218904
390.13884977926034
81.04920935908045
371.936025864346
-66.68794745078603
388.6464975762202
-118.32275811550504
492.68796361587107
-17.511591653811628
450.9110435928536
-17.470519498079167
335.26808038338424
-22.28547921363115
424.1108950212489
8.818486368846408
412.5710570997604
-62.78633692503532
343.7504031086826
-6.853995556865034
410.76319244610545
26.423948476696445
390.5641513301241
-37.37079645397456
536.7126326613263
-31.739876236118647
415.9511448911539
89.14304587161412
344.47976876054327
-28.232557811953576
513.1764877484072
-0.4626221292885928
424.92903015944427
-8.54883507352216
420.5768611500883
-11.734770009018415
469.0108825565785
21.409774536505946
423.82116064240194
32.321644211039384
401.9262658392911
-42.52177392822541
456.1233079926467
110.71926801511322
507.0612345247829
-37.53331571317939
437.77102336915635
57.16222213611177
521.0749407510418
38.40828409588465
441.3431907986282
-24.891776041419995
459.9845070528924
-62.3731247901684
497.58425465755715
-140.48623202674995
441.0933008196482
34.00151848624583
435.0891021305857
-115.31970152059107
523.5241931466455
28.084094978571457
400.7097210026912
63.01477955829942
459.7225879039568
-68.07837921475075
362.7967852604349
-101.73821812989236
404.45197112712367
-44.226684908015095
459.01474584175884
-42.906975936544235
388.68654000572474
-60.1845849579673
485.87979786070036
-13.18143006758859
429.7499065869082
-24.692514385930483
472.37192516973846
29.820458180077544
431.4647232340155
-12.748155728701946
453.7879789335505
-18.175399350875736
493.21675690752744
-56.39315773715532
454.98197207229884
-59.21208096737265
433.0408004070991
-39.784123418322125
406.608138413189
1.8055373879059369
407.63499538986656
-43.91926203526481
506.803735595357
35.68296633968754
433.08992997958643
-34.045807903644814
404.25118539894993
21.3977632491388
514.4254497002905
-96.51732400145526
496.85924259124766
32.35733762001804
436.25758777326615
-29.769477239060937
432.17468731405273
-33.639099090957544
369.79361866337507
-73.33056509991849
401.8519437057351
-47.41954524751583
428.92675074656995
-41.7477171218014
468.4471162289259
94.96801870479003
423.37297028892164
-39.56888289522242
448.55280394319914
-14.201663966098781
447.9256094377983
-6.956921724379993
464.5547467092223
32.44821684401048
543.3608923274342
10.743767333925039
412.50028445286796
21.31536165815054
384.8242471556131
-21.64090673599187
372.4136046127554
47.703516919350555
386.05095260685215
28.8768967459647
492.96722204010337
-33.082809815984035
456.8225460726355
-16.99982951977355
464.84191458562805
-75.86336880773709
472.85107372776775
24.154121748858977
427.5887366071477
3.900967536093999
367.70351852544246
9.761818040398705
400.5026948452792
-0.6918214875117696
408.731490430761
-5.773681686547236
443.12154065461266
-13.398922449935238
470.31686151031033
54.63742840318092
428.6678656593487
-93.58360891482322
449.37749123041345
45.998412831008494
441.00759910788145
-91.02743422519586
464.4009526085932
-51.38875447600159
472.0220693741585
44.10676062336718
498.9079518644022
-11.640595883770985
481.3998066751894
-0.959626587796798
430.23242257120705
12.946134444296153
413.91635824068993
-6.094439092240091
528.2199013742852
37.0358275970186
471.2945971574916
-10.404660757659588
473.03574524602004
48.209445630465595
472.01413778877384
-43.68964269278169
443.9483450752954
52.694734527505375
457.3152682076672
-79.09748120988937
491.4529372281713
16.35595486764023
486.86555907930165
9.285267544008493
456.05950567052406
-8.693263841037918
439.79167330258645
48.355837264225066
458.8848971650534
-11.452091129674116
454.286939898083
43.02506915274781
461.1514549608698
-42.68811899732107
431.77739572015213
-7.370284164413297
451.39095700586836
-107.82163424886866
404.5708467475272
-127.00727544224492
390.38586427184185
-35.873870119278244
489.8642209879165
-22.78737071028685
395.8643968007119
-48.88364202669701
440.9444460493596
8.023876306655415
526.8955201099299
-34.86782485779159
452.87401893798494
40.48453743271276
404.4099265332192
-26.197922444094313
477.07176040285674
-19.37612608171069
424.7013647721778
-116.46279410541383
349.52378433348315
-22.7904075540227
420.10899928046877
-19.765010800263752
451.4805986050625
-21.257260601526422
457.05897800301966
-18.115001611617593
452.99840841170453
13.94459071830839
413.8279090043713
-63.837276645836035
410.12363831887444
14.5705430283599
475.35470947840605
20.422228482036193
383.82241672781396
39.9015465630534
470.9407758709684
-93.15025203931069
378.3601165756014
-34.38993709603502
514.073053059652
49.20668163627173
462.91528239849
-127.59854081994281
415.7794663203191
24.60272492638064
462.35474016980845
-40.48936720059499
602.2241373414907
-88.0091364542685
433.39878975057104
-99.11779223942443
500.41660038100895
-9.637208493216919
473.00534457313915
-53.67955889884354
434.09517912734754
-8.791431282288281
383.6046783649074
-47.28039849048269
414.34213606414437
-23.364975404311977
467.2989711264363
79.46620111568474
360.45821637564404
15.455467108598896
428.4981843292165
-0.5005001739650448
483.9179082556868
75.73853978439432
344.4569022043527
22.24319183682531
366.36831217752285
-12.299854847860983
460.4315359996216
-58.15959128565496
296.1695410850561
6.706640216905212
394.3651289592155
11.363701344321775
470.43308876492813
18.20947241331077
484.7973867299757
-79.8579154007752
384.57529557177685
107.36893007161065
418.13670288885993
27.74355427975007
474.2427133497091
51.23051304720553
499.1342282759014
-60.92560775093578
364.62276713253686
51.15427322616787
510.674075839417
-25.904801404438278
406.1691270802978
-50.41051395164136
553.2012415114477
-83.43867221175677
485.1628267884562
-0.07743575599860097
374.8189188083878
-34.89804106226599
401.37908811919425
0.7663712790603627
500.9724286066314
-34.93202758661134
506.9471514517118
-35.778298014502234
360.4797796029129
-42.5039863041305
395.7335756016422
54.20889712876767
431.9349198871455
-49.09652524310268
422.36689429323087
-45.90986224717619
493.97840325150054
69.37551153919243
447.4796517700597
-31.07537629937236
464.0595753148358
91.82019426136708
490.00033945773
-63.99521354580332
421.5318765317061
-26.45908724866315
548.838619999811
-50.11393530150909
419.1923292070644
-84.61177637986246
369.278718655313
-34.68138629127097
498.0911179268836
2.5380990009936983
472.2777599016035
17.041609225089157
428.0616502091083
24.47248576477983
491.988802965273
87.98035254749114
446.24349001180076
60.31092924078942
486.9782857190295
-14.312491858489143
458.87965042265944
74.26704050441086
460.7556648776889
-21.77128952640548
482.7289432114883
-45.49246172075082
442.5159670197969
-12.334945050796431
556.4261215446352
-42.219377116691966
423.4270771146612
-1.1003352617862312
479.9018805763158
-15.418555764484703
522.5996634016725
36.88817375218385
428.0305697619833
-68.74463535999081
485.7810672768383
-114.38755539020376
378.5718517893162
39.021384288875076
533.3819516493468
44.730961953973406
381.65826147266336
-31.138265803741685
389.7052117597483
93.41610954490511
437.30099565961063
3.0099353967098352
484.9499990126349
75.61403626131471
381.1386428972754
38.208440528397865
418.24325685376704
51.7296019487994
488.15540314936766
-76.24220848207858
484.6928507693757
-3.7241492304416366
392.1988468539465
-8.568516702611413
510.72862548082645
22.417603871323628
454.16993741624674
0.5023847039400646
413.3360198133009
15.1689970398734
416.7450145008983
45.340682758515776
471.3242799767774
56.71034593879823
472.1036576913936
66.45376569205428
521.8658253822737
-43.991658186180274
463.73518692906646
7.237604748821909
478.01451884074737
-56.73291832408449
407.46792420991875
-33.85207704185193
393.62722837648727
6.482982838971736
403.4445090924378
41.15333122349272
374.7965354227776
-50.34227258872004
496.6855640831747
-150.5814181061302
431.360154684306
32.81323745828503
488.7413489496941
45.35228203156082
380.9193446523756
-28.33109288762922
446.47181678864655
58.79645037371776
473.1011201748703
19.573029192422275
529.0001448271138
3.649709742372716
462.92685852654256
-88.25786894775251
361.26810523870773
-47.09070076038349
445.66052429902163
11.56338743523893
365.6435305807894
7.962311335126289
488.29570245645823
-4.289697781316946
470.70312025009036
29.90249960435014
476.7448430308523
-54.88178770562084
432.29681479738514
-1.6212648897222195
363.2120035392291
-29.633136152690568
492.61959920236717
-19.96283128700175
448.99829814614424
-44.3232919348092
511.54230470844357
0.7828725714645852
497.39840324152175
-47.53319104905632
459.33036141008057
-27.268830553261
444.77519753569374
28.10119441786299
447.2369687264406
-31.5721301595621
435.33402847332815
48.80051717882438
488.55723966795887
-41.14338656284995
494.1361928140537
61.76664984087668
341.6516943651226
41.572713415297315
413.9499613014364
63.3317718172423
428.75920564838225
-6.973116018058087
499.2214910240997
-49.28524514628077
417.68870731290866
-36.8870587117522
444.73633476474674
-2.290303799086498
452.10355478956745
18.74699114721018
551.4146154210026
16.06658347438472
426.26961813973725
-84.78590982446312
477.76791111676914
37.507269468716856
520.164725431173
36.978733639306256
507.2885261625863
-49.17393160606682
445.7776476195341
49.60444738522133
395.4538194135739
-32.87735364588038
384.5876937366174
-112.48720654236843
450.6412500691862
-8.0245435004851
374.5200023179498
-85.38313879283045
459.73880137246624
-35.17495464697278
529.6787114344494
22.42518332158388
450.83717611501316
-61.6117669720771
415.29476081128604
33.283433058029125
575.3389560306463
6.80231383301007
417.6294271309209
-12.239477323131553
445.26609662307
-67.43252176343378
404.95379928439644
25.96975998652436
437.8541127252433
-10.24258502474692
466.08881590313774
36.428873978359704
518.8457465490411
-12.8968479918089
453.23197581884136
1.7897313547949683
413.7611349025864
-14.13012948484889
405.4286764814992
74.69435080057052
406.42542517872505
-32.45512866085482
467.3300847303554
-43.526153624166824
456.80371403903865
-4.606774926800064
421.85362896659876
4.290234434442748
408.77230437796885
32.204287799606455
464.15362527343945
21.055522850803044
489.24388013378154
-33.43329349025706
405.29778108694074
-21.694396395011104
439.03625271187207
88.69999178017257
442.44651641595505
22.443113772024855
336.6629876575721
16.790339301007446
465.1721870772279
-30.70459883129357
381.17765811708506
5.720203633021066
401.88692053079455
-89.53272729486163
514.9520934031123
116.21416596112934
481.1046584947763
27.234059665237112
407.9133904430573
-22.73718838177553
484.19510748392065
-58.36900492252893
431.7587678612102
22.049977966855458
411.31376233925573
2.6445509183129037
501.4038298849366
-100.62445815262689
430.71348874722855
-31.838686049347945
377.27110352232313
-41.9842110680718
473.6120243944715
-14.032541973826092
424.6814219385569
-34.320595065165094
427.7903002008976
497.39818899660895
234.8171838455483
552.2225456778776
193.7580037935556
574.9942015528732
152.4703628208485
549.1099223875055
245.50520718316355
562.2569434306612
205.88554535340143
542.5514949827447
228.86615967994405
634.9886531367483
183.38600381329618
553.5890592421805
271.7552412142769
471.4112978015513
134.88805230125797
550.5759722139325
228.55067751677217
626.2681517582536
220.94671199456099
589.5585525379273
233.66244994861881
493.0092972621819
229.35080870627445
476.9353017807727
209.31554301191883
541.0047941486492
246.35738517971683
602.8116886467111
212.7450862080467
575.0661802433876
217.93723465564068
506.78641888954303
131.43591853626378
500.4793055139075
213.36641656756296
651.2183594691847
230.33272227269413
649.2200670901047
251.4055122379994
561.2542103656558
233.24739794378723
490.77492220297626
197.87824093294984
526.2964753449456
287.0274130111344
491.7055584156455
173.08341973179782
593.5105943531961
243.83670273897565
581.3365663614857
337.52309646965074
615.6501020813234
237.3223573324096
579.9230297016323
152.73201628129664
533.3834863312527
205.9568427491729
565.1143249907987
243.65376963621728
484.17239933712824
186.71348407604472
547.2514432585433
206.80677799265592
636.6808743031039
197.9255044978676
608.2820031258686
180.82797802356964
541.6874197693336
233.1343271269494
483.4028067648287
193.98228766995203
515.9026742206956
192.58411424353932
523.9373695599991
104.33191402815416
531.3072082069665
169.2986419745085
604.7161815880946
334.2164016566737
522.4587000508761
186.50508158732697
493.3572765040625
201.73811348162795
468.7863696741581
250.02263475460296
567.8050517835898
199.69322842158454
549.3654689661016
281.67351373824044
513.3537070499409
220.62254704506478
650.6240039955244
271.08973912391394
517.9107447109732
154.97763891217838
565.1152744101475
171.30584030496905
538.6633273839063
247.0150255089015
535.2903170356407
187.02355115281304
515.9049470253798
306.53552477315804
587.911854825975
256.69867021496117
441.9249335340339
311.5993712389581
561.3754369764216
148.3927630210296
487.7768334282598
240.72891475488527
622.8360841794806
140.02671776160952
502.2708263691495
280.20365913474893
580.3496937336348
192.31018589722626
450.2057674958096
236.19249629622297
625.5464718691014
145.22515977316084
512.6987824715358
269.9087123270746
549.2810924581239
208.96346435404706
522.5373450109786
210.31329486779427
565.6289091840774
215.61282163271878
553.1705883206696
95.74989786431179
516.1113787949552
163.46618678395419
524.9866168017275
207.47456587159598
553.5950107588533
215.71358544201513
511.05105748021197
165.4570524232789
545.1225410249158
144.9537664873971
530.8087074361428
201.0571146134564
590.6701672550378
208.15659696592758
507.93223857540266
122.06859281733101
498.2406861953247
242.7686887219683
538.4398777190618
205.44813017405318
548.4912569625586
207.52245918488956
634.1864192145034
366.6699098493008
582.273272517767
171.2190414464144
640.4918850602236
123.36072324788617
637.4981246025311
158.00695568224774
517.8455328761271
179.12973541824823
508.6157364830513
282.33088698315925
634.1987005929033
209.33301399622607
534.3411004257962
169.64476450439872
502.57381642174363
211.99977820434373
503.634338684231
267.01295452695797
571.3383596705205
276.26813203815414
489.7437646645609
334.01405923112736
586.6710600249579
281.02416691206395
486.3519964629686
239.72719829924395
585.0092136553549
259.16291527928274
477.06174922248243
138.97604707545975
454.6241368688509
120.45153628943582
599.9238617907671
200.92738346026837
574.9463498855416
130.48908171068047
544.0190560779055
197.87662458207885
587.9068054305209
133.8929235705986
478.76073028818405
232.22339241816775
559.957425710811
236.4732450284057
504.8304131430555
246.2470860456702
598.2255189878679
248.91760616974943
470.40753832311316
155.68532855095663
668.4971777845591
113.31744167130623
470.98142782668884
199.8685946106558
463.57535495445245
162.629283468035
551.1612523234231
248.97948025193136
567.803419272334
238.69957378914725
554.2653901053833
185.43505265497672
581.6195381214474
222.19974338897052
524.6714194644625
150.72106908603178
504.54657901372144
175.75216853629453
530.4561536305015
251.6657410678557
539.0851250938518
135.35740039919767
663.0580171373047
226.95199971469134
550.2606115666789
153.30799184625505
486.81927882593396
217.9302705546535
511.894845744251
210.60974900658067
637.8361128807745
98.33905652424163
582.2905831354065
179.64927237573818
495.16065569179034
145.54377398177957
490.6114846701945
262.10809540223954
510.5565666946819
193.0780681023263
583.5499099711678
164.96321450869078
495.45412079797353
326.7350845277905
626.5935556741204
259.5901978758786
505.01122563280893
273.88517716822366
447.376796998023
235.2010689668212
508.6854841230184
356.1935254233915
486.44303074883095
194.14396302632977
520.8196018215467
264.13115295167705
554.8086082458242
175.42112351782154
526.0593685297982
186.34057958888877
490.19978164123705
121.66501334831274
586.4259835024648
211.62946754372786
482.5353944988516
223.3353308854744
622.4785775097358
162.04570968759566
530.8057328744962
252.68413271123134
576.1484119555302
248.08693164841299
526.3695541729512
172.10439353542682
529.4248606658225
243.56394417146421
644.6294629837109
230.9261189449685
447.22251391721807
258.84916478318934
527.3255830959622
324.8684420180548
468.3383814055004
196.45453576304328
573.1232254961209
190.87356923360016
618.4220264088133
141.0011228050825
606.2212742213175
211.86897521777277
559.4874630649956
226.87693787973927
505.31236288034023
251.83135065267538
414.41067533253704
255.3189495384151
550.6786442020081
209.00382795831666
543.9650811651289
224.97159560371094
482.55715278807924
367.04563057841926
562.0211288832979
236.37704450625426
545.1493139951795
206.15406096621246
436.2553094992093
281.79577488449837
550.7160598406639
235.29739354060678
524.0864580297355
141.92103390163197
524.555632145372
280.7608382454803
494.34236871880086
245.52864300709354
520.7733938351421
213.6887764899507
523.1778993573091
166.38857844921986
588.227322946866
161.1876241715422
616.7456208277239
249.96235945178887
459.8390060841765
204.31570075973974
508.21515509764254
150.12862050697618
574.670059856843
216.59416822827433
492.80164238890046
225.82585559064574
533.8553827039674
244.16399460247078
499.7388878169644
269.75361274541626
561.3138278532488
259.7994919370067
538.8822168679058
252.64519194816646
534.6763531840505
183.01322371037944
460.8586767250921
258.612997964602
523.773127105039
166.5099397338144
493.29492640349656
261.6277761916826
560.214010329406
246.73103435196353
626.6911053395686
206.22589939989047
566.3140245533872
252.09429292031712
585.0995592061073
199.53838143566625
488.0350588620669
177.5405017696817
566.4263869092698
247.90389093505638
551.4108326431705
201.41914096709868
525.820189321619
276.05541210399997
558.4588882675321
253.0961893618696
583.941946566938
209.95268439431177
482.4822087528261
235.18201515142962
485.2780987801189
242.5276353362764
484.3291450973512
181.51921954120795
492.16988356469835
141.6144488353204
547.4197509468496
265.3178210706862
474.8473647065444
226.9259263935073
449.1027906397014
304.04239555069194
527.3747158889821
215.23102861550802
593.5291242425923
217.21734904210135
573.2222998679207
134.75482589090961
534.883970352657
310.7271691495694
520.7860379760712
221.17275920135228
528.8766475692603
190.99462261504064
515.7613098016677
214.58223846536103
546.3265978514102
236.9542824212507
573.949842468015
219.13657786962014
521.801169527343
188.70602394270813
422.4149297673072
207.34445319276517
569.9938714684096
130.37214100410995
564.070826453819
192.43442985099503
465.91145534464977
202.02591935368002
550.464972697758
224.18285878571768
526.7397552755168
149.05834754221632
591.9447361284683
206.4749006227196
564.16715409636
150.4986736067562
439.97343220657825
119.21282268908318
589.34552335392
218.832857940572
609.3318840033185
257.2598141689629
610.9657767673506
302.8538434042733
570.0935272377097
200.1201141895238
505.3047400163035
266.38892853385016
559.08453631649
226.88772862526824
557.9317746789778
220.53544856849226
540.6438243828123
201.46657253995488
600.2510315739725
134.64004098399292
615.9421538525805
210.53982914009217
472.55269810611367
199.19396305800336
497.0308268962715
104.15795895159248
477.7010973330824
350.00064905704835
506.2755841720759
210.56274449862056
507.238255164154
190.53855421660916
470.47337087346307
122.25651723836893
516.8242133356847
248.74705804584002
455.7978419830014
338.037510864549
523.0401956853359
200.19628906790464
485.63312232986965
160.32507407623115
589.1373417959301
194.8802656848316
571.2993758641754
170.05681470341432
620.5639788187743
223.22918019947684
494.4372566193489
208.15604695245457
541.3585899624419
153.36218507182403
661.5099321130267
211.5609622247783
534.4799880172792
211.58961540440444
508.8332780461484
311.7343924661306
555.0459913003557
255.71007106408575
514.3849049830235
199.85605810304202
602.6802551871721
148.94446650935686
608.8596463526744
221.7519900822047
593.6097983937217
224.16330488790365
649.4580659688373
215.48711437315526
448.8661772295218
291.9197654148693
591.1737160807645
223.624411279409
527.2862365784802
246.48737479037752
567.9874505441644
221.3487805620001
574.5605486037942
251.03296023530277
504.8297513876639
252.54692211984917
443.7214235427826
158.84255712539232
567.5030251117735
166.95045586691975
489.4834199379323
159.41336530011392
446.594918885622
206.67581353832733
381.0359387812715
290.1164552129138
572.0119266508577
133.10563228729288
525.383302610214
126.87990894628535
581.1469887728905
245.03650767844638
558.1450685479159
265.97894107527225
525.4665580308941
164.56200928857305
569.7059077651858
141.82533008008105
557.474685504133
205.8428975341113
521.8756932158813
171.23415646007317
576.8053125260093
239.75257191423393
658.1384568804461
205.38044473336006
603.6119668568876
240.2743633167667
573.7553508177634
165.486978067342
512.6917384496197
312.84309764409284
611.8006447912155
199.57865313329853
569.632161053336
332.2475323457336
590.6940392310152
235.09701225050864
593.8307987492063
182.9781722481952
563.4943635754141
244.9258337471621
513.6444942774654
254.28696454772034
493.4763538017052
288.19167367507
590.3802709622901
167.46288833093618
518.3693786643591
204.06726046782757
561.9627818485258
222.75704865252166
482.8990973879072
173.00394478220676
588.3390348240878
313.76458940553596
493.7279575385972
219.07355784151213
519.7262673351742
204.1315590748821
568.943275216306
166.78755492199716
520.396609528942
232.5955626879387
615.5408473136375
239.33881577894007
534.3405597584579
193.08888115134718
633.5108235420116
261.33597779977816
497.28850735643914
247.55360231030983
563.718805211132
155.3832058572396
524.498430857875
159.33267196662513
589.7754705117726
217.90527084278813
549.2464317358063
314.03282748916484
576.4064708868045
160.94541432665676
636.2802190369405
266.45415343185664
480.5282592184547
214.1511925990644
578.0947935513227
152.73250551095245
583.8613776762002
226.63891130377667
503.3799683795757
239.49612625339836
570.7227086970491
164.86398935134298
574.8405311735826
161.89384164238606
504.19803722169587
136.94787261817038
629.9288978425327
199.72120219090684
563.6781962006243
146.98337845674223
520.7810164110813
195.41668047026732
599.9126395136158
327.6174748147501
534.7237480982029
218.07732733994382
545.6887026151581
127.26584044254625
540.7144678842149
215.993958562651
588.5547958589135
212.17408861676037
569.323149734837
248.95571229389117
639.4468744312966
120.82992719677418
619.8244481349193
233.55505143568882
563.3678404114055
132.62533797530136
502.61964728348994
155.37224170526866
575.064426616745
289.75122165396726
474.6119966026123
103.43001157158719
554.54235775039
243.07672728749134
556.8760973514469
173.68947914870526
625.4958634523161
220.67548900882286
579.5185958239256
204.7643509537041
524.982835053023
170.48584732731507
500.65714467815593
262.9766909392551
530.5628013740243
311.8420567245164
436.0501844156012
212.62475230002903
570.186959817661
166.88810626504346
544.4528092141584
221.19076759762754
626.281138620394
220.42090608244789
580.3379460438007
207.93332725667747
486.6627626098734
164.3675983348846
585.1948958709482
174.78778563422827
537.9474985231656
244.82899160928517
616.261114073474
257.0728343290794
499.46549691518135
241.9959558504535
555.7225438760012
195.6551834587373
537.2983852646379
199.6963672013307
585.7730239430521
173.4076105413555
530.1047139086127
290.509966291438
523.3560178360678
297.87213397576386
494.95453409043563
220.1460815018966
538.6410675071793
268.6563685787895
518.0119496844303
167.19415860248517
527.4086032035456
217.63496818012536
472.18740377447784
209.44449339347463
553.5503193745226
216.40637666218979
562.0013391964256
185.70982424013826
538.656572641874
239.88085286914736
538.0370549357123
309.55236710203405
493.31755205674966
192.11188721345064
589.8237688271752
236.79357084901855
531.8276070950587
113.11496077962677
526.0713004148681
234.51589187227452
519.1127740229816
272.80783672537024
538.0359647552698
203.26951554684013
394.56451671247055
213.5124825040012
573.6592962000856
358.1795579261704
556.9852315455768
142.83067768682082
563.3196975941396
49.656475786495946
535.0999936051674
197.75851706273824
567.0430640240717
252.5636718968453
603.2145227200386
272.4636298261439
518.7920700591656
285.0896282863852
550.3391954943731
234.08308897487453
532.45687308377
277.4336484154965
492.16624801485045
162.5102549906185
476.5906096111475
224.82579782111713
553.6845915563971
203.40777109403714
625.5906977304127
158.89724369291218
507.59089437696866
258.1236270195775
542.84080653089
203.01435225234215
515.4485581457726
282.96623396180183
518.26082685663
231.52402665694856
595.5829016946047
264.42264904624693
556.7317838037675
121.07409284329965
549.4561629072165
185.29865632705403
627.4425905979208
213.7067761872255
581.217788548261
199.8065107923573
569.1512990342034
216.59154546805692
544.9849655756623
164.9242077147928
464.101915666975
184.4029123093921
525.1050534024695
163.65470849369564
532.0450255232245
171.10796886919184
588.1402051802626
116.58061161435234
437.93939714991006
159.80122106916485
554.1377952386094
234.99967234495497
526.342670561623
186.47046263349802
567.1816370794429
224.0824678039789
571.8456654094272
76.26313848387531
575.3390003225795
238.0436794141828
486.90434478238103
173.95740034038857
583.9007329385006
198.1703853853221
506.11537353520123
127.66002000818752
528.4837916391059
195.75750597979368
535.1118368973846
247.77882348866348
468.37466100751374
137.81875868032904
477.55787125663505
276.13797924273297
561.8916393269375
212.73845037698624
590.3683600507949
284.51957414416484
522.7696794339876
188.77930664637512
642.3040133961167
280.1692066567406
475.2789267319911
228.45246278453575
560.8192945981783
193.11064420002955
569.8038006561313
191.77459106531387
486.15626096250026
245.25567402309557
575.4433308054319
262.51790956009336
545.0528478390004
303.45937230762445
500.27232257880485
323.99868473719897
569.4308022096094
191.95403730336866
628.1800634626204
241.85136248083177
596.4108566787282
232.77194203609884
528.4709140712621
238.37881034128574
625.3878946587502
270.18149411156213
526.0729341465978
263.6889973335516
518.2585143939903
268.93387053613964
538.4220596278349
213.12277469916785
486.4815610746931
223.13958564832575
603.7280246686413
206.95698165413953
584.361891010416
154.82044202041047
603.1394154715776
300.7867202751128
594.5155366587929
289.2185609756095
632.3321668493086
163.67849488057237
545.9669917565623
138.57252351718523
458.39220618368967
222.13182686840406
584.2659873234212
262.80221792922964
560.5179051589539
180.93272892340266
493.3820311991856
196.7983563610548
472.68536757697575
172.0052844468137
508.60065332226213
169.79820604039398
562.163074940264
187.5438598910507
503.07046274720534
230.78734797806445
542.9294219373946
255.27456693047446
530.3490598418105
212.81656146868198
536.0608221951186
173.41214536412502
513.3878601776998
204.29892156972537
480.7807424052239
264.23728115226754
589.77731181595
255.85639648985935
560.346340111008
199.03194421055576
571.2159323774318
190.65653070615934
623.379244590362
226.06263262317628
534.2879034869924
209.3972851918495
534.3369767054544
285.746877244812
476.08200707536673
165.45177396603626
529.6847024267772
222.31105822347396
548.8262184403421
169.49946599855755
511.4101006380494
143.8098544847483
520.3284136661226
278.43281473950213
569.6304383616672
244.37778466765536
507.41882731528904
184.6755574274209
581.5818776922621
169.5454450079136
620.8526712049364
193.66022354764044
434.7770039106029
126.9405300863377
444.4414950198233
159.1668514741437
465.9818630391106
227.20129640341474
588.5291837616826
227.76060900520625
503.90829224246767
190.67773719475693
637.380487605514
165.9133477012246
635.836856339068
211.1624535654891
564.4493628351361
253.99791578801785
513.9372663253355
184.72222717803763
551.9786928677357
280.91751084325836
541.7748787323885
179.8010129288116
574.0084587239592
202.61648669930162
455.80569623689183
224.49902274007835
517.7545163906525
134.60964296899704
476.0280756997139
227.81994530334862
612.5155452814735
191.56789794176996
496.2333508859376
283.25490449882346
532.1258360984039
330.5182016207281
486.9035528578871
184.3528266356471
512.2937694256461
210.98456502730255
505.1012812568824
152.62074751476143
544.9567755678921
187.4048344319629
561.0763927930083
189.90424989571883
500.3403580685696
221.8764895590818
501.07301762695243
221.8206743672681
537.4873683943225
184.14121326140798
552.0737495032371
298.77510187348673
515.3512113826378
299.40265384311505
541.3344444672139
150.5476888843167
496.7664398089663
239.59255609665658
569.9591892537901
275.7914634171101
569.2555675130334
260.5076906014207
597.004162888434
201.5102297455881
585.2794889941171
218.4932948382451
625.5531743126862
155.00607860871725
611.2967437291086
134.36676981989584
582.6891863500136
220.83241608231629
579.9098099620803
276.28508329213395
537.8333535199655
195.72084075791886
498.9383100019619
204.58196062673676
613.241723773159
145.93784714385527
574.558609372455
277.5304496737752
671.5394744159232
239.56430682234407
515.9585693056206
129.61238160353616
587.8160123944131
147.44481736450936
641.1911507690334
210.58691270237605
616.6443139540117
211.52529315266898
DatasetEnd