DatasetStart
83.46897505562981
470.11497286506494
624.8357720575789
325.3621396433001
561.1059216637467
276.3635693895684
78.06140431369184
546.734781327319
123.42340744459415
473.4129712284052
104.00568824642322
450.001517158553
13.786010735872082
574.2487923299304
123.74451989886538
590.507440555259
168.17697756032322
552.1164807242415
102.52874452854415
425.75834781851523
167.83488427665804
528.9977604677358
102.73325167055611
440.84468041900806
16.3717092303868
449.29653311890365
45.332333921586425
556.8790213172177
52.78388891122242
529.4508913438469
29.78732314272422
514.1826708879657
60.36602698691149
438.5183211937732
63.058419912203874
443.8350458334657
22.65000817172895
513.3262570920803
87.248889261049
513.9662194774733
227.68322923404403
507.9280705707399
160.15325950324245
507.34807751200765
75.85564547614563
447.0407794649198
12.736966271203144
383.2912161108062
38.277293124200256
428.6824827625353
110.21719560887631
468.5893569688171
78.76380416806381
442.5688844321778
101.17149528266685
455.02781841102234
76.19091182450008
414.85244652205694
128.55843054667403
483.8777724491955
-32.277474300050386
465.6119398332894
95.4765394914432
493.10556718174723
69.11695708552224
354.5362588763454
38.27039981511824
375.2440990879336
69.88766030434101
498.7803524184581
55.469582382057524
502.99710793373146
53.246299134305005
525.0590643950318
77.12162578712378
492.2086715614229
22.920918920758318
508.10924414449073
114.04077470399385
490.71436894757545
53.12802589824864
451.5230359059273
102.88735840102358
439.80631499041283
109.54940676514852
431.3870657846127
67.35839129765424
411.15832514789247
101.19953327229196
401.32605680406743
15.948260092022196
516.7035720394634
144.6952602311788
504.4523725081145
80.59562789410829
505.4604062106018
85.52231405504331
498.477644044164
73.82175984349253
484.49318258612635
165.752042347908
364.3888810272251
77.87459970525266
467.20497874980737
139.52580679198354
419.48236846299585
182.55274343010802
483.8830509690245
141.1322040125475
423.5723035175691
75.98560874904025
471.1846499550759
109.63954185066052
394.6220042745616
62.104757405874906
451.6614448943942
60.06488935851846
484.2127113595409
12.148810510854645
428.7114116017541
154.63263192592305
414.24791671378676
113.07669314670393
474.4940727097472
172.01161023143013
455.6035341115769
69.9432326286099
369.6244855806549
101.04045848964019
540.6817532645942
19.601666145154795
409.75492447224826
85.70994807153924
455.746052410618
38.92353327037848
486.34727576446505
18.272351482406833
429.72044316685225
39.745794602619824
542.3243331870995
67.51853911376332
530.9761745706182
143.36242040980008
488.3972632843146
56.380224159668
496.0767103082123
89.35767861083596
566.8107939614302
104.13595441123498
495.0634364075757
53.30940751660441
425.48141463397286
76.76146257195691
475.0642159298519
97.04251480654766
413.0458383483435
43.61594145933923
462.809779292825
55.55316806128347
432.0922122884267
137.2732580023349
418.867029483569
158.67970096237846
473.75689590370604
56.66690364602292
542.4585319587798
66.25492548900448
471.6331564263112
70.24802821228914
495.39624110819557
106.32500609182335
482.221434144894
78.40734000757826
511.8508917582122
114.50773064655193
421.78536767541146
70.15685930886862
483.82459807802803
57.382713724786406
424.16406466017787
55.145925869580914
407.43545391147245
46.235866620604604
421.0772128080904
121.38577315970892
448.6786434492866
109.89796253721994
550.3929443019825
132.05024504876016
425.7757985984907
-4.060269071107726
512.0348698186355
43.38733684690744
565.4657829038919
24.595299579011794
549.1169484372277
92.46276450693766
384.9197896606332
84.43434716502884
482.8605814908824
68.24322809753858
437.16237861825243
81.8053479541777
422.3212180275616
91.81653228101808
561.7949453658904
21.73672773044796
493.2620771564975
139.2584999175062
476.7585893987338
89.659365712805
473.46946975660194
150.93224880228468
460.3912038391224
46.00951112938312
478.6697748296717
49.715917545729845
464.9280441960308
108.49054695981398
485.65715245464327
108.15055188252308
518.310192707751
11.744517692481864
516.5304547459759
33.94764306207237
434.65475583650374
-4.7994061275457796
427.1389747437176
62.637898290637395
383.76270981003114
114.65520099995742
500.63224334227806
111.59241319754986
477.0674861100736
128.9879184282509
482.3031258701179
152.88948672901145
449.49647868672474
92.69869374720136
330.1259704286856
137.25036523144445
452.60126355094087
137.54519265371027
534.8911606077803
79.46200683284876
439.5551724141243
2.326678853743317
395.79946149799247
138.02432870688165
487.1039200952249
131.9771200823974
504.7802601523938
83.60528180847979
528.9300218103187
159.29475959985234
527.5484361110514
110.30936366161072
433.82150569387954
114.20858276709998
432.3362489947025
103.72870712436782
330.35789369732237
64.50675938638787
457.51679161273364
29.292212798918015
428.6038918447033
142.25243483207223
500.3498620526493
119.26616064649068
447.34158092645185
56.26807237622572
462.735092203404
120.51042398071522
423.45695749767555
138.42133445462045
465.9073324906285
86.31601382450877
495.1663778943703
30.141009388837226
469.60724697379214
143.9609564078781
485.10687203861886
95.64489090110519
515.4112567286801
151.9551049343629
401.073056811273
46.52649734843226
495.3913256756526
109.74174623099869
423.5577885091876
37.37312430508697
424.4700516293588
17.43954362579072
507.8313735985822
24.228413161888625
443.9655422761929
130.71003903962642
460.7739670171824
148.15917872348768
450.2201014528367
26.82326515611497
436.4794922130958
17.296022460259422
470.26723993481335
76.0959814362092
474.6462343037374
-24.554260722482113
392.8476739889825
97.99209971693571
451.43429470885707
82.97116070072855
426.25191685459
91.6519651280948
490.39872951905494
19.33351679274176
392.43515900753084
60.1639954771307
440.1353239001612
93.86834459814756
506.9988172594782
45.941755974940605
398.11871022038315
77.64410838149351
401.93662234297847
126.92611154111853
420.85909951124836
59.91565943586825
473.2040308619322
97.14708772052418
517.0513849657993
164.79443212798975
486.4108088127602
124.76791746930806
444.51350054154153
20.685678862030557
435.92250542373495
129.1488312918023
476.8732839508349
89.61270513917503
468.3083977887843
189.05422278674797
460.46487473341455
60.72596582844553
513.212968332163
101.63517748597972
550.8181544974822
59.76129226582162
544.9720992031838
122.91132415175437
523.445131597768
61.18706437570074
513.7260946750181
66.16401310872423
427.053475875023
166.87116047536864
496.40388842001124
54.96080469595262
451.75440830860583
94.08885211787516
450.24461141481004
45.635072896362686
484.5045549136789
147.01631645033694
358.3448784752596
156.78177779902094
546.3564838117314
126.7729933563136
448.1952922106458
126.34030264287139
446.1410872462946
21.782507003413286
409.178304220562
157.27374570013995
361.6679491733985
104.02167717935603
434.6888729327127
99.38550661269193
514.4964374108013
135.66143133405296
458.826511021173
122.25389750318708
519.1920900863189
68.21345897573873
586.2379636664847
37.38698634218299
499.59448252478705
-41.96147849836453
524.3734960834331
76.05743211967892
583.6054570848521
165.47389255390982
407.5411828735304
51.17977834132571
472.8292464396346
118.9466217805431
479.2780063501444
1.9821317862667343
484.0248496970001
94.738356073441
492.74029399402457
53.10554645228755
485.91192135073504
101.90547881120752
485.17226694111105
130.32928407557864
498.08862467647145
145.88032815087843
466.8239863446419
109.65657603235795
462.7825426197811
86.38569128351499
443.5375614836684
72.63721388098351
481.7349832659536
60.457324679775006
549.6608821614324
41.99123606966671
511.87438425803157
59.49220638460892
439.37841906978485
104.83640842226632
549.3604715832747
52.009964438586834
478.52243993355336
86.50385229917131
465.23811648561536
87.89965946115105
523.550752072101
26.150184126286405
443.8668044551116
16.20667384274799
442.39099589142484
59.05773873955913
463.09522074748844
95.44813374248487
338.8698306188487
-43.59260781655804
450.07235390588215
69.69906700750175
439.70490587918266
78.2002443313022
488.13624318637244
114.91628235538309
509.79080925240106
65.52083023389245
499.4728231462359
-5.6132399682797995
397.79260931714816
120.17529937976508
518.8527750825555
122.60322173658324
464.0442295986346
4.071477958807279
503.668988560048
15.920835892866606
447.0024913942109
111.513815362608
473.93146110436544
67.31486318999714
446.2908907821412
26.07183497696583
429.1025940019907
-22.886854062009846
504.98735344723605
18.82966612253422
450.95098719356133
39.4336880411068
527.6872726782618
127.1905988917047
460.6199962114156
141.4171251237344
507.3687773801853
79.70105702334178
391.9866737816604
39.63414484590872
510.49236047609446
132.22860085164766
432.6675277757905
81.80354680711518
493.1405822327697
67.56019601294598
455.56533698790105
63.002899592906246
375.1392186590069
58.2392129649657
516.1833431297072
88.75427388827104
404.83037651969113
143.37479572012964
470.00118123296824
90.66516717606588
384.56003314053567
80.32095822456135
540.055568140984
94.5721159273594
439.4354140137254
135.57693590767798
422.72287408908664
134.0440128488932
535.9271821360396
58.319134699498136
477.2903067267704
74.24665030989809
385.15178981753496
79.8712596783292
566.3504128367982
-0.49000057070584546
538.2935406065988
85.25927712382624
372.43029315738386
-37.08146782783611
441.1939751420597
104.61850204799919
464.37516943411936
119.64000158080567
485.2108758739905
101.64470877418088
448.9136460990837
60.258578454126635
406.4243149112754
110.71074205916327
470.4558135403959
54.0065578083815
446.22091598633665
42.072201234414564
445.5910450392851
28.65334419955171
573.9107894900063
41.25471839428632
370.0613261230625
78.91330900523347
343.4533085487606
86.87948935126145
552.0642419013739
47.49682210927275
452.9585468986716
100.9791324367229
430.88212354018395
75.12692750132624
456.85212258219946
56.7830518189179
404.3763607246988
107.1081513551414
516.9833743520919
97.19313351667039
553.3572751680811
78.99482049836327
416.64080770171483
189.19655970066606
481.3265469316407
155.73224830664228
507.0295607974637
71.9152232415482
486.4310829216289
113.06037635942165
406.78378661320124
63.21830791187426
481.2058972906114
89.7630799978009
505.94187709702675
119.12003551887932
562.1808069582029
51.1750425655993
464.9107093138028
162.08952385573244
420.2194650030084
6.647205103481653
403.5098998438989
79.96877261429813
341.2320553744488
72.3308925773003
522.9376136053288
117.56301539566442
422.98790449349207
50.68648898773186
442.46377946224936
37.76112224019828
463.88637411192934
58.13438857394136
490.66278018389863
5.440582495518214
472.5485237682198
101.3721189035518
492.072226306765
51.81251899367158
563.8587663660692
106.8283905649239
473.4969280209599
35.89649675644654
436.7058902525529
44.26418019958925
401.79970273656016
82.83899469340132
485.30708202906874
108.73302693733258
506.8113331010571
170.94737126035477
485.52460673141644
21.754807784142017
533.983815279404
67.3244391170583
407.8835556006366
105.55466351402734
475.77712561740583
135.47713106914972
512.4402092295437
78.50927561501041
451.1456537378444
34.983806302882265
375.7816583075749
141.8868626762015
445.7919460553848
-40.0835431823794
550.7652264898984
43.84730448196873
531.9185456939191
93.90216456911351
514.0664563126733
29.795881069531845
496.8943469875894
81.88876778926219
474.834338760293
36.318603986040706
535.7717225734256
61.622972613768
570.0637242906372
108.10568875196427
446.49358578534503
-4.531184577186593
444.66821322877456
73.96498896958138
428.6064196570812
87.07551246093239
488.07747567454186
51.91556922062446
373.54580361676364
82.0523149258851
424.22098867649487
70.19393069688591
559.5282762071056
75.10970403579
481.80207235021277
89.09426843179943
442.0414387174108
50.83733240752547
373.0443581405295
152.86520803536948
420.19387239523417
82.54250313434248
582.9649019055603
152.63708204353816
524.9747793675758
180.91466756854615
507.431989901668
84.97846460548573
432.3424462239108
68.0866446257136
411.0697473834204
74.30719288403307
469.5578451804693
94.88085331719306
425.4515435834013
105.01559953934812
542.5379640075533
81.43645985125364
503.4259922751164
145.76349992471816
442.0293369239431
-18.44547031988421
465.4424790050744
37.387733355191564
497.811552608171
148.29111229196042
457.7211453369591
65.24187094821838
580.9619802617971
108.65656449765177
494.99657040194836
45.42400363846482
483.3545795180285
90.14196519656912
477.0571624200789
116.45805799361261
502.73572147706074
93.5521005671096
435.77503998996167
94.35123642053166
420.68105291594225
14.08584386826368
407.0702023642748
108.20791367451707
409.4754231473523
129.56122937261352
407.90839459997915
19.107565973810523
524.853264567476
21.341317390864823
482.5823717070461
138.99076605630555
509.0899240481541
106.15420179151278
497.83478993618104
100.71769762615946
530.6920646201282
139.22803761920787
400.4444199959296
84.62438409842083
459.3533355752516
127.51211534218098
433.4045637358357
29.751246979349396
489.36190727306234
155.71405781744136
501.3315576689189
48.078444110251844
427.3749172607925
73.76805647123525
466.63500832135713
98.81807710084958
506.4394757459701
105.65458384194417
488.07743846723844
32.39524594483327
522.0679221295395
97.31547805519341
472.13653082645516
55.435853004577126
426.31816208990773
-14.020754098295626
513.4143787900791
112.23630736795646
473.11474351181505
21.883111706244662
438.7633289794565
47.08218414050286
459.14633760243385
8.211740128505127
482.36244470649984
95.08024027617017
503.45273535911394
149.1461921365225
554.3698182774433
118.46728741176454
426.67368401697604
173.63619132294735
465.01526743244546
119.75097615108146
417.9475190580014
125.97047760460077
520.483084718509
144.89938768885432
478.8816027552507
91.10610571362244
467.46645038150695
109.05524251827725
525.0898132600217
98.61398477704593
531.6814457971187
35.186016274624514
497.0095337250487
126.18626592797429
406.95148646269627
96.23354393815511
454.18717541805773
138.7127200156675
497.65457682932396
82.14103927404403
522.1939432439175
125.45908192761817
507.23154442923703
105.25954453390571
509.9919038720969
77.84017451842841
488.4600337867973
156.77783570622222
506.39608588629693
29.52242086194157
531.4308613593153
115.86698011375583
549.3117483475005
90.2316812048156
573.4754412025677
88.89246397529196
453.23685827068664
21.195494689425963
475.56235355551024
105.48264720758164
426.83352483242356
38.362342061260975
522.5957923888723
152.33678267857394
409.3245042036251
120.09599839370064
524.1305097081014
64.73933046372434
488.74133339972275
127.3661611523211
454.10408705702156
88.84435620820406
386.9475001148114
38.340935717304234
471.18200901476615
19.8889041345232
470.72025119223713
106.25236318546496
503.12281994626716
24.811100146768872
531.9120659186203
65.78013033813426
498.8530626425887
90.91709039126889
437.09395136489934
37.2996443538539
461.4711901128452
39.455540170874045
442.55975200220433
30.77831425770391
559.6173876817082
118.59679739119535
490.44655151144076
120.25364846941056
447.1116906922819
151.70534636025917
370.37252711356655
139.86596324208762
443.5047606070595
198.2671965010819
452.90578165746103
4.683023827755193
490.4628815671805
32.98938853940322
490.531685559189
107.4641433560069
473.36656564250586
72.20384396361463
414.809377219859
38.17267054598782
397.5013180250635
-33.216562272427026
423.19928403471704
144.99598036275387
427.9728070130696
96.8531981603478
473.66839563861674
71.02722372701919
438.61859774489955
133.98481736530786
495.185706878647
98.71548878834811
459.1354748397969
123.84565365867881
473.9208965538303
71.47851074830587
533.689507356871
118.63273541420813
479.2559036512613
33.03208308866993
567.2098583085153
104.23555984770285
647.8520565672086
153.57461768585708
517.7847760425283
63.80047737750995
471.0924430272775
73.09059955249197
514.8292879686028
36.6849019035909
397.209625539089
114.89073645282288
437.37320666231903
115.66192926411314
514.5963861233438
132.00049939304992
385.8321077795864
135.8232728480804
457.8042130541181
52.99803928887813
500.7490151261637
26.917651066401127
524.4174230247969
47.58293490531665
409.7172927342438
103.41724427322315
420.3661292276953
39.11923159200327
544.0034266754466
30.190541776709537
536.4609836553382
152.3876232123099
412.6160639391757
10.835638314858713
381.1258512367926
119.37064322458046
476.03699855878733
79.66643767831613
461.72723696486315
129.77196645135658
412.6689090907431
84.59571074597662
430.4098933927885
88.49704709523255
512.6490496236707
86.29934001733585
419.49315456901024
58.610211616714096
515.4809219819713
129.84235728402624
466.09406072339067
49.57801972076772
467.536541454566
54.49301315319039
487.1730143049482
139.17416091315044
531.3166702103699
44.269998050106715
505.84261639888143
57.121484558632375
451.68597752070855
0.19875213703183192
485.1801510132091
125.18261659284818
516.4316490686108
82.80522704036194
418.03020983170506
107.74149736479023
484.28934455319484
100.18157956947933
469.99897003103575
56.07308004584327
424.96934184086206
51.02581318097696
477.3377369470171
11.50311223818376
538.5479821753165
15.169374040258234
452.18493535436227
63.983336403040596
499.6957401785332
94.18651477345013
467.0573538496502
48.96462132763107
485.5578842996923
32.18658640845252
485.1337401041681
-41.18000283984483
461.53556681387994
132.98531558751634
495.23609121502017
88.0926319041668
322.25865690717285
94.03025511495474
513.3013719139368
99.54339110532655
417.0563309333253
234.01026122116338
411.6073523722797
176.75069019668263
436.30999223875347
26.926487374819885
474.79887388442785
33.28181605301136
463.0262460243537
66.16374563414652
472.00197522731963
40.8172663358835
512.2483752615292
185.61983417755897
484.3035159542783
77.81880990720063
403.81880260644095
109.41035572584164
514.8274640163152
94.01176296575744
542.0486220095802
39.50142515434813
436.43595630504655
69.9184422893148
447.39034003189585
78.92170788196499
413.85884130212844
97.50173033234788
493.2700786835939
-25.285846784860667
467.7268864039677
77.72814571148113
455.2932851926883
106.61537607329856
481.27715985101105
-0.3940992614380576
539.9978215458983
167.68121828119678
496.7335575820217
75.90486383030274
484.92254206476633
115.89782547664905
473.1273914932819
33.10938994299042
415.22461954169967
54.55215099645073
391.5006020450067
86.87823772933368
507.8431433726242
0.9808051129755313
488.6475474387127
94.79053379091059
438.49363814407855
624.87958057944
214.94674677578297
681.8292950447953
381.9143443610561
545.5130296726359
325.7119622727796
644.433610967411
326.07330895426264
603.9744612628697
287.29948375647723
646.1544142364112
446.7275581763049
662.1438962255311
374.57930821357064
692.3732928923109
326.29419308555623
736.2224672175402
272.7191900101083
542.9862496584307
420.2295673841017
549.564454579124
406.53815268026995
650.400659547118
382.5632167813837
637.4177386299478
326.00441255370544
648.7047146174309
317.6769973314108
687.7980961932375
308.11190095145093
597.9001627677023
314.3301244116349
618.5505770757717
389.4646290328144
667.7133765261993
296.58994833605357
657.532933202723
335.7252424992925
611.0507943170062
276.5606680350099
654.2046436033705
231.56406121550452
617.6982834160232
313.7262597472053
552.4121129359754
269.2105931290572
625.4519594970653
368.2514978760454
604.0877234726446
316.42581834978034
660.8982048470353
361.0720973553603
641.9122487436268
316.1748958588323
590.3459751290371
358.9883242670819
563.1670549452109
363.51138881070494
541.479053969337
275.93975100745683
589.2275738402346
395.83553961086375
699.1879860234119
303.1577026606719
612.6639957753881
329.58714117906953
545.2794000622505
259.16998366324947
507.01367905880124
362.2717930132348
582.7491285687591
322.518938573939
540.6228078175938
346.82604686793775
783.4927507627779
290.7522640904865
559.8007259418882
338.3304885631097
634.9569727669601
364.0205572898933
621.7647517404369
329.6432398245355
610.4809117770419
290.59899108912
565.4127175515829
300.4239910078556
641.1547811944996
302.13985638063855
593.2915271756756
353.88468897914544
572.6765284787606
299.11127150762195
603.020228350541
369.5850802939746
481.89330744593724
420.99685417041053
578.3128314637119
287.8029545968102
683.4412478387046
265.7178843054617
710.4454770836047
219.23959782059538
615.1142186156106
381.2166913456492
615.4452742161823
344.26937218922376
639.2899345393474
343.1581503815284
633.6747082138472
311.5157222091606
687.5695203238606
310.88135373712913
653.9613109267043
335.78289975899537
657.8027574466748
292.3544304564841
614.7727603143888
282.17052723561557
555.2168504716774
318.51599914792314
641.0500146739406
283.6168581863592
592.1551871768748
349.04499254670134
596.6090712686889
294.81925842932003
760.0193064843274
351.56916709098385
616.6720645561977
334.67878240204357
565.4577882413789
361.6711511110609
598.2329955992624
335.54830305129315
679.1691046510019
318.44648308577854
622.1101263451991
338.89088275090705
659.3982120915251
415.0517289447688
621.8108541738154
353.0508050730775
557.8269293671281
363.0429129719435
576.7892925576812
260.05696307011317
658.6632919978425
304.5031127606731
590.4268289218513
308.87397774685707
611.4691850482347
363.9310785159672
680.3250905786455
344.3172386696855
564.7584060933939
256.91646756078023
587.3805925431462
351.7295274574658
602.0797404111993
268.20524102919467
586.1543053804818
364.64288399216946
633.3923315858211
239.87222635853652
660.9962959869704
295.79845752401843
730.5284537887975
223.79966149434398
585.5750789968264
374.36015463034977
702.9788876677405
334.30021634776034
620.4533315908734
323.61533652506847
537.6336800048641
320.59328824044786
587.9860262302975
342.15722791864033
665.125203945776
293.69565963802495
654.6864737165599
336.3796231524885
534.3020787510068
370.08018172158825
628.789093773878
340.9284484857311
589.5378570293378
319.3180212627677
519.0382052866078
361.35253910937854
606.1609976724544
324.68296142404256
566.384718918223
263.7665692477955
622.8081424119445
360.8185026473195
640.1364872684808
389.479354405624
599.4265275675941
344.2013851908452
739.117140976781
307.37440024441327
661.0170279069799
444.1436364818816
642.4931706767195
282.7346686577444
632.055660351589
252.02770049704438
622.0558642775153
304.4093551265401
769.8382851142436
388.606645072804
604.485877773073
331.01593010819033
572.1364506496077
294.2820729866794
667.3615928316322
338.3340141106163
668.1735842739862
330.0896885722848
635.2242725558378
275.7588006449341
624.9268658173502
213.89298848648377
651.9003766638072
317.47369580191054
587.5047288179999
305.4751458912459
548.6743379427811
403.7492499076957
631.2715072996299
335.7517817166669
599.3264867519476
308.9708464941839
728.9929046883461
335.02663591270425
673.9680528558602
279.96621352555405
686.5080008074947
353.68405449142654
685.456198820774
404.370276206368
590.7531301404204
337.158189538577
630.2371267467913
340.20690023429864
598.6747310393764
323.8213344314072
624.6147889928786
361.02307539479995
581.7690355925694
394.0034661267991
624.9109956905247
215.55941153945088
650.5944342527318
305.81706188305225
616.8407471492018
349.25452298443497
654.8785385492126
315.70541358404586
618.7810880409463
312.23039010125956
558.8061572957604
344.1774438305582
613.8889106626655
261.6529269275253
664.158079661068
432.30667345307563
614.232844199982
367.20154149989446
651.1291554370084
366.88563388912235
583.9612736941917
395.60168040731946
670.0567274566176
294.2185246871984
653.6699917135661
320.08167042323436
640.00870782628
336.7579939803731
599.9771520241436
256.8191696940703
780.2732787950889
303.3008964416296
633.6658900917557
387.8946524474967
613.426690331317
378.57507529411055
621.7191301834539
285.40803929064055
656.5249149100999
345.1816961920021
604.7198872362557
289.67335204584367
529.0524973066722
330.4772864089249
624.0677465712029
369.70948474337695
710.2395614514118
335.73395944746403
707.1594208666245
357.8857375863296
627.1756662848229
270.3669651131656
645.7828158319049
361.561202041075
604.7153589516414
423.3154174704188
604.2734014959307
373.4256818396795
636.3323987996605
321.50809924280617
711.2570232594816
388.30243025955747
680.4718599894857
319.86088619893115
534.2923795996913
308.0915227721907
567.3462125934661
383.0641270288956
601.3722565690173
356.37136274935904
537.9111507640522
252.81129729274087
582.2012327566274
350.4612560349159
592.1230988358851
349.4230539023971
598.970481267422
354.91207472920695
629.9085830201742
329.4449912015075
648.8596762821348
271.28762559130155
602.1772565567813
402.9686425324444
633.1623030809949
297.2830596729702
668.9303500189355
367.462932619322
673.426644068856
342.3268747419297
672.1596955666392
276.9846339446865
525.4548416315141
343.07808693733926
614.6270775777373
312.42495990479773
587.6728734123171
353.8812303456191
723.4252114291475
238.95163639678702
801.4627455701368
365.6714694084941
633.4735559579622
285.0586033974426
664.9133395583436
401.7119726009066
580.1907266167735
305.3684768054229
605.2793688794642
289.760104444495
639.6777113417475
364.0234122925477
662.3299156646331
323.7494929408604
643.3999088471301
299.8946645049595
652.3094245602801
318.9124017387502
628.6558779995537
327.43029943026613
626.6596330620793
310.6803842085355
613.2054584445929
359.2075792019736
666.9070157742727
335.3689623675766
567.2630364848026
243.503441107291
582.6717033843904
311.23016411939574
655.7033746773427
329.08525771603024
641.0344020556444
346.6177436210147
632.9556005953505
393.7931761867372
628.0797581139719
366.01420349510363
528.1636957906888
370.4980214597764
705.6207182374005
342.87448366093685
683.9080499896381
428.47647194682736
632.5805940726542
402.2817373793781
697.7391665404808
243.57262064649336
595.9752689009197
359.66174554980495
620.959174963305
415.37731127077745
595.7634534808049
302.010681963808
632.160483953933
293.659898374577
576.6711720228351
407.38846817663347
650.5499333839648
358.88244818326376
623.5798458791437
311.2302775581791
665.3630522989546
352.32902549303344
567.1897853108654
266.6831229017239
669.2230782433943
252.76796312830876
686.2744307708765
336.90355701696376
660.8125227159481
371.51199570933926
609.6048019729776
329.86121809751927
601.7249738424525
349.9547153764055
700.2909616027886
246.99018658957655
607.7870077770011
270.88316894640565
650.359760538773
283.76978329986474
547.9296844247475
347.8812236845259
558.6260402636354
327.2924096732869
622.9434696240556
357.8200925951233
637.8056580390548
304.68316465638804
650.4082858766571
251.07156492165495
601.5078104243304
292.1807907494286
639.7583457159743
309.6944616852468
679.3886560079291
264.88275091236477
626.4434264654816
365.2289565429567
671.0480295479249
258.1431255093785
613.4821318562929
379.1163189929641
655.3195312400815
295.50262508063554
638.4397500168119
242.59076198593263
724.8788158186933
342.22214366987873
592.873471219447
330.1784128286107
628.8892097769999
419.20604330598513
704.9616075907443
308.51155901067705
572.1881879708787
433.95141284842714
694.4397434693119
274.8394007373792
540.9185663558392
378.74137657280056
542.0914025692413
322.1419055590781
686.9310719490247
296.7636378717961
583.1380596396343
351.95284280658615
613.2074653188469
293.81035591366583
568.3593729596611
285.77905542479726
619.9605408947706
387.003200370998
627.7710233056575
267.1501313366155
602.5213472804058
323.92529562795016
623.7893313691052
249.93621533089063
648.0787158632862
357.0871673531536
660.7200167038469
313.3512946595885
616.8637056533897
355.0811031147892
590.9102895334312
304.2855472293456
652.8495963443384
298.96799596355015
533.8614786970476
245.50372153837293
668.1659676567523
315.2755840575812
527.83033600598
276.9624778857455
606.7603096369384
344.42846066594814
613.5636140079665
236.42719323385387
555.2482970363254
232.29192664461914
605.1738997262862
322.3428673806115
675.8520575833531
387.6634607476134
655.1487491072912
348.8733543402187
586.7083638534468
263.2164568107744
532.6921460387754
396.8031995385033
588.4882695314243
313.45105193463866
577.0228790043337
411.98615520806004
619.2975453658979
332.16328514275324
695.4906093343732
280.13960392769457
580.2927125939689
279.3606867576
573.3026951591477
318.0168058334528
528.829867855465
318.85880770177215
622.7222541124407
309.4837025083492
578.8879684140354
321.2342847971841
658.4954482750024
322.89117227177076
634.4988715083974
370.255307692936
588.0346912628632
370.11342079090156
692.8130444887566
362.58417943100727
661.6560851451062
283.65951642252924
623.31714935492
351.1354978248113
591.7730035904267
355.29914275217465
673.6982764947976
399.10635334558594
556.6887978728439
330.99848985899905
642.6644434428032
391.6398235148372
668.2344669540443
275.59297830052117
615.9513021895087
374.76791914203676
599.1120215724118
308.60877304944404
542.146111744942
325.0581250655075
751.6238328747206
376.92580694822664
531.7146081129761
246.8453406917407
638.2329398543477
268.0687497030252
574.9201216917443
329.4688637454876
714.4900901212527
300.40339548712814
582.7169212402313
308.53220722947816
547.8357591731695
275.2046709564228
664.4842883743555
290.65455068158724
700.0155881376527
381.5068795368967
651.674582832865
336.01314308664865
620.6879058451358
342.8087682699401
690.6949018404152
368.1483298753478
586.5951686038292
251.23500669201312
658.1170090126867
293.1677548138554
597.8674975537024
295.28365523092623
620.2934602204343
293.4998771202501
641.3942021536309
356.34112143646473
626.5882715337924
282.88722469593785
637.6080747612906
353.0064144612919
563.2750337454022
361.52861250839294
686.7495982099189
296.0033901817341
601.792872408205
411.93326073983184
630.0365225548753
244.25256900400768
570.5626588007219
337.86864284671304
673.9311910864851
305.98630491191767
642.4342565802639
247.26712827241613
574.5659840796471
313.8948948073673
666.9683440528946
379.7151731601462
596.3986256433072
323.541478883088
682.8817261474433
327.4003014241343
621.9508834001825
375.6708168756386
631.2783275849469
330.96939508423367
569.7602865216346
342.68303899937433
557.827759804298
278.5074069252116
566.0930256601183
394.42192293265464
694.9041824429468
365.09234723141515
512.4550981659658
355.8372686935555
623.8361770785115
373.4952060334482
665.7269849705023
323.46213562427084
657.7281525731242
357.06815781058503
653.0316991102732
292.6083840225744
646.1435632613975
332.2800154282915
634.8217412946557
277.4447518253693
580.7156694516606
295.42491283179413
638.371418584054
331.5536616947671
595.4246491556994
254.63394977976054
697.0730033730533
283.4663830259516
678.5255905129952
299.7078460827626
449.5136780994544
352.96619729361146
625.1935804453708
288.8873480516123
624.1629169162395
273.0483614453922
562.3335454313566
348.72075582676786
711.5990110458558
248.20876225799014
607.1991289658897
339.4750317414533
615.7648282598986
387.42564653448636
593.3063491799965
337.668864130232
607.3504272420946
349.609405656108
672.6993215298261
335.1313857941779
633.5312709141757
308.2265986540992
593.5040814911895
341.5955172264333
709.6224258790044
491.0545101919488
616.6021770271636
351.9147377274049
706.7389381743646
329.92384307840894
617.7444115151396
408.4524750647917
568.5078908735192
409.1068406720507
568.2543736426335
278.6369257757482
550.7371057100462
337.612751727602
668.0478772761857
360.18841392495284
659.9708462291198
285.0284451827975
657.4153578763634
344.6569242093262
657.315088180651
285.1372191208576
623.5018697307289
306.50454208840944
600.8599544895033
348.23411665710177
652.0415941762425
292.5739828800117
634.5508335473941
294.0571468215843
620.4440284322043
346.8925936529504
620.993463143498
311.0269266604552
566.5372058160945
321.5956288858065
661.1759458238146
253.6405589728191
639.935317830982
332.0320084081396
679.7596179842259
353.27423642160034
668.9198488601476
307.8343483689845
683.8502440248503
222.80868875478893
584.3321965147384
331.7043176380709
651.4599354994621
391.08910874122546
657.0425444721309
349.0974931273074
726.1563460368634
236.917320495433
636.065563258003
325.5100515205271
630.1102206439879
347.0597288340847
607.2842832661462
362.49179721768155
650.4550905639596
269.8095045277417
644.5652428834798
324.2259763999673
637.654548942621
308.6409196946886
550.4092964671238
363.80910199262553
598.8926351524351
297.7452732745716
680.1533423166411
355.63516798572874
603.3939879713885
310.75283705381736
605.1510107394721
404.18101678179494
661.3252368015446
335.0672655167742
741.7684221935906
311.0914129320429
702.5924317480054
289.7746552576592
710.0936037884657
272.03812279347187
655.632544606543
435.09515320042965
774.4150693287454
428.7754832067745
656.1111692973569
325.69156663949866
724.6052135688981
274.6877531745954
640.5165710490546
350.1856182099493
630.6066561177241
368.8079772982806
639.8226357231023
345.52643912333656
678.7630938368151
334.56861472807543
753.3728341960394
331.86717580414376
610.0129467469017
322.4547553078627
673.4505358261856
293.3039033904395
671.7320316848211
264.58249800580256
615.4678664681844
328.7317647120444
715.2503654047382
403.60517001440405
644.2426237486129
302.6763929895599
682.6599804233548
351.44616092546306
647.8434115339732
298.24299067171415
705.6626399752472
272.70084261282204
582.7885363619014
349.8006409100934
612.3479531022349
380.7445384952878
625.0234993712216
289.5188658715648
576.6531405762737
291.4676261992378
677.7464709613903
304.32767343633594
597.2804551924764
382.5112222030811
603.8905122420892
196.90334186181633
615.7913489754687
332.8587771840769
628.5199327027556
399.14344316996255
648.995894242314
409.38828090075
528.5594708413389
341.8620700373341
643.3170283397471
428.0678996659367
719.9378591656058
340.36437855977624
603.1406016987663
342.6445393976036
553.0761365237151
343.19765644633696
564.661839034095
357.51629164629725
534.7094178722697
383.61566559497396
624.9368368721138
290.26997492769726
543.2428745957195
339.5480845989532
529.0330191942701
246.82438581676885
524.5578587655098
347.9199315860515
674.9850670222191
379.4294838320639
636.311461899056
226.8805378742972
563.091560768165
391.4449478136182
673.2320716540415
317.3539327241373
586.2028987665512
244.5242305268605
627.1606569985065
307.5994521528666
652.970164080044
383.30811271156506
580.6358148234002
369.33242865907124
656.7389683033082
241.49720470395008
590.1889400221244
397.40784950840685
652.4487564962752
365.53555515960556
644.2751876933047
255.93305428896576
691.1118664596893
305.24466092662635
554.4890669704471
350.8281139661934
630.5710179966694
390.29327150592127
580.3129171648861
297.1172174880623
591.522891202056
458.0149119131336
648.0056510587751
329.2526791921374
601.6917445121076
309.11384758102446
615.1281472555768
295.1250727494625
656.4092986437414
409.62248018132107
691.8569379100445
305.6364948632583
617.0791158936925
228.02137735404523
681.2000833895034
276.88930198278973
614.641265004904
426.19080276522857
615.0050503239435
357.0303980054866
631.6210649871717
341.4127581039771
619.0065766316384
283.1277751042165
630.4257251144052
315.77633263201756
742.7335624644222
373.6023846301235
586.3681710795807
309.9789285119636
637.9363761000042
241.14569017319292
675.3360518116133
274.04606661634267
635.708564086937
372.6134175352719
561.7620587844069
363.92876587565223
639.6274868621629
268.66173873418063
672.2942535182525
287.157438654901
657.8514108356225
432.1628198255337
560.0083358745667
265.95171428112
623.5582298896777
322.66542695788206
690.967071912159
331.53544039953897
509.4262107455078
253.6261856395206
637.1322826286643
258.6105198112631
606.8776125223719
332.79957335898627
667.9144978471252
397.85773789360496
603.737866287416
343.10414002022384
666.3014548629105
350.9152416885219
652.6185155267335
314.3671114608976
641.291035649016
341.82381265786825
569.8544691197176
289.0169334327865
724.363321763196
328.3446773387815
637.7642730084197
302.0679936846808
560.5124791589254
309.0899704961287
618.5814345048224
287.1883338839189
672.6883280174994
295.4314858739671
581.9574406784941
253.03281723481243
615.6654849522824
286.903440377617
553.6612444430599
353.20247685469377
652.5260849647549
291.60052668744345
610.1340565305484
255.78413126703495
655.699676180065
399.64879900842584
561.3912108196619
237.01255431009213
652.5004652203227
284.1511552915666
591.8528004198212
297.3996502999806
603.1319312392085
458.6365527366683
667.8959281956752
264.6602520071623
655.0909333515287
361.34047560014034
594.3511910758807
385.3412164981184
665.5258495924342
383.9574903373481
652.8545156682479
335.8368407572356
565.9007973086424
383.46031858423754
698.443435815724
352.4958644621629
614.6224952237039
386.529369508182
635.4766893159098
240.12069905934584
544.5198200917557
316.28323391620825
522.7907650585632
222.22483840967354
488.3346335353791
317.83416176733147
502.09769144191716
180.98788017549566
622.6442820443798
329.4465804342485
600.1406486409485
256.6980241246609
595.7016875226292
279.2338646788386
511.2863731973218
300.9862148970031
611.1599248578357
259.9067279388494
611.9999851768267
260.2317785759035
515.4182613191247
234.37310919487658
585.1627994602493
264.130203410001
533.5814916550223
225.13693973378832
591.3561016350947
247.49080017859148
592.8963529746803
278.4684032769727
546.7635612864335
221.47702445202563
516.5501795629499
331.997479654014
565.3467980816212
273.1999707204654
579.8905364644681
246.4114871871888
584.2085585397982
276.6464358710001
530.5239428458584
291.7988731524023
565.110972189623
322.33075716693725
458.83087227929434
272.32922088249296
568.0509848523263
283.23851027703154
582.3628667299826
343.3124769982488
531.3895717314725
299.80318085215583
562.1599936208052
382.23035236230123
494.50955547155996
249.27420263663834
604.1490500163421
322.58331240515025
601.8459333165555
293.85741325070137
636.340907027074
263.52331239005395
577.192246246267
135.39643078286568
469.886019129008
269.2399816798526
470.416188093659
344.1173310844149
556.9708050861094
291.1988914762053
635.4395829743542
336.21087372333176
572.6964227571608
293.97128721957677
596.5348531048121
278.4119548172361
549.1899521153601
261.1253658191245
528.0088434653516
303.2378013142351
538.4237687003445
256.89454639968204
531.9171961184496
403.5790917663977
560.8756173872799
279.79166445414825
536.9753452169286
250.51869816490816
549.0261182183025
252.14442586116934
560.5920904180491
365.327436176706
552.6597987232906
208.4393231522945
669.6813777733989
307.3178108075854
524.8912102755696
207.4079813032473
553.9078654630332
323.10094092118203
579.4801497295529
339.5830231068282
582.3599893225361
274.74692912541514
563.1753672943047
283.09573903295797
582.105227761211
204.55765850377395
653.8115383320602
280.5265855979816
667.044665705102
200.6970158125826
620.6667327686962
248.87212677315355
598.5076972359705
218.0690572304216
644.7505026694141
298.81379204971427
591.0276929374353
250.27259304029556
510.4083609816667
337.20221940998096
521.2684954185496
284.1850440828696
608.4672869783434
295.735098114131
573.5055739802099
373.8300927754886
579.954920492565
224.46667941195398
547.4311926081483
184.28270583025267
582.0757303678981
231.60587306044744
538.0652109850677
331.4482672983161
593.9022404471768
277.9020229150262
672.6373443344775
364.3279425676138
563.8788478285089
289.6843635598418
532.4930860484116
280.66320457004105
639.8330780922593
270.35497242395803
605.6912096003666
217.31118880459576
600.9684938108699
251.66000623500366
536.2955659055315
339.6239492547712
607.7844330625791
248.011948046606
578.1832656973165
333.89363102271216
494.87846507416316
272.93781731554947
523.3004489177711
263.93027878946793
627.0334549586707
267.0348226006401
594.7856482258436
242.64057301283535
628.2340944836385
360.0980800920565
576.5515287127059
357.1445927836543
550.5595519874032
280.6127932159321
589.5651127191614
299.30503392037957
641.423109569843
272.2102429401965
485.7192444319262
276.5219111451229
590.6043767323823
257.6893055024781
598.1683183627327
319.2419870327625
488.82187429872897
362.1159021224285
646.1888195826857
359.346280479258
560.6910936423435
232.22508098739917
522.2356662671215
153.35638738425664
560.6196261852393
230.03242033054485
585.6118948928874
199.65193575531418
602.5084382496891
319.0474942603907
617.3420940834355
365.3077860706611
504.9295330383104
319.0944462667697
458.84107047751206
178.3157520805507
672.4805454715236
170.62185642894627
536.7758107630498
423.1826675109478
537.2972425917866
179.77969205522248
600.049599412351
251.19930335108472
578.0326288054545
299.4498011746823
564.2816000999965
310.7507274754409
503.99334542361413
196.2327820553225
561.0053881434003
290.1431513957226
505.91149715144235
229.36974617425741
553.453859764024
174.5443819752498
580.5349736689531
281.74020921593547
548.1151440039786
314.34208244729814
543.4416200144487
367.68797463364933
530.6450225778258
350.6921623586841
524.6132500195691
242.30603958880982
485.3973059827118
360.70376954009214
605.9606496728992
313.4174039394569
613.9579152834526
196.8628316377861
606.9217530035492
300.37707587063795
472.93611283166024
231.03600591029
466.62627872046806
353.50827778617213
547.7834239394555
345.3570755371152
590.3555668213437
240.76799740183856
490.0291390261716
329.5563347459082
635.7804275312794
306.02967436853777
588.9669880821026
270.1462396995511
523.8122923434422
246.99860684722884
652.7825062616713
354.277088382969
601.3430936243352
230.20656972978068
554.336549688329
273.55158128324285
510.72301131144576
310.3646430913716
583.0347474342027
291.0744095595267
590.7617990817776
328.25792413565716
533.1159626235639
408.6325453656743
516.355658295929
277.85908232482757
629.8798475282684
267.501138054726
574.5289781968658
305.3561703243755
581.1313120911332
317.8001473725592
636.839719935691
205.57760889772806
581.0921532709475
332.8106999739158
601.0882843905026
256.0197379794906
573.8513924053702
194.48987078802963
557.7995952995672
353.0097547859864
667.0027152380663
298.6008394474772
491.7232814561529
230.73605465898837
538.6195267572785
204.82394180280937
555.2050553991759
269.7086116228717
642.017787498207
349.1859347443945
583.2281262129542
299.0235343416315
562.5819959129972
241.42802102386344
591.5715034599781
369.33694956725606
549.2211544121302
264.5499774403368
548.2554234785457
162.9296007950138
592.5198686008007
386.9619895838641
561.5480029589467
209.0418012578715
617.3686257070174
230.1804264787665
517.4179461816772
244.28405074680154
534.1176335293151
331.11245672968477
540.0094599547128
303.9064173032291
604.4419977600385
235.32043696539714
506.3495507987606
295.84789785018427
595.8242614608597
237.23142167787972
567.4748527518364
400.7075917880299
644.3966273801182
262.27517265033026
520.4533801028288
290.3580737568749
569.4669358096177
271.7070388833197
584.8442501648054
322.42516454194225
549.243278827318
299.73109925285206
526.6621145063567
250.18392992164047
605.2284537907008
295.8570964747298
500.8503317099019
352.70186336176886
594.1417191002213
313.1697592719664
643.937895773159
334.059768610849
546.5162917538629
248.3274249716929
501.286936433673
226.09752934898034
529.6667702655652
286.6649880455892
582.98500536822
337.3462103333726
610.3483520090346
297.43830150023985
577.0039132794604
242.75883246724175
578.0687083378727
281.93625624462135
597.3045092062703
314.22397468197295
494.6831652230732
335.31158250169653
527.4494989529493
333.56772723273826
526.1014600848869
344.91240476051684
644.0977902037893
337.2445040625421
510.3789091904159
218.60974905962235
582.7217100396648
386.37216098182626
581.8073123224784
328.77596061431586
481.0441968378867
285.6197428393287
608.8844431058022
293.73977161565165
561.630047750523
345.9704795687369
555.71918320123
262.494663133735
563.5161716586606
221.53192917998882
485.2236887713321
254.4383413390394
549.6670506839192
251.06511768062228
571.9664318565997
301.74013707126176
658.8969103460628
193.8669293632525
613.7580415566359
308.00799813493353
515.5514636401304
352.5232897766609
544.8689574562612
283.53636413144335
641.8783191157048
295.99780373847585
503.1164807512247
323.33603760268215
607.9704729908959
219.87423992211754
526.8046892904592
231.90771836327195
624.9655048892387
231.54449608137992
443.3229029542805
230.87459130630393
506.93344436641894
300.63797089055043
462.9042487372223
170.42297141716642
467.16091783367585
266.4638675647304
578.6078736936581
292.27959029026084
539.0671915413322
308.76361232242675
557.7014969191997
234.63639640037255
520.3345005758687
282.7459941124544
568.0566307111668
298.211665585659
589.073378921045
321.1785950570956
618.4285183933152
399.22145786895453
602.6171618073001
293.3563522152073
546.0411966616688
294.9085542593877
536.6745131828253
247.8623974195036
553.1071129560123
292.45120913467844
519.8252304923294
297.4596879126267
605.3622489922205
290.39440689682357
570.6116524243797
282.6776419092661
571.7972071419078
305.260316577882
611.9909039104788
349.86266155987255
540.7098252512541
291.99369415928777
607.8386700728967
325.6283674956072
530.1733458334024
279.0355389917993
541.4675027774492
199.91220335706038
490.8333482191354
358.5584257862938
573.3569475744584
266.1980471083029
507.0928529345943
212.125494916656
557.2859614262724
296.7677642174404
506.58875872931293
247.0408658410117
571.2893714494605
386.54967755981227
634.8713661011196
264.52777172566533
470.1043638841721
281.3596327381113
593.7999149395687
254.12388925386176
456.73076335129633
371.622636193003
564.5806459381072
302.6849760949
593.0524256259889
269.90275066442064
623.868008262481
337.8374438208322
535.0811156710095
323.51423335374767
575.4790942255353
331.9844575525525
578.6213004045566
314.4750046933119
601.4569894933128
345.55581415219774
566.2519150184505
301.68427920241305
641.0590954333665
254.26151030649004
581.5488931823877
243.5176364234569
542.789632302464
322.8611252993785
521.2561421572674
318.0343716070518
527.3105109595526
338.11688936173124
607.4859000030074
310.60226425656913
561.6707872629523
257.1724530642307
485.5519896447606
321.46593261890735
549.0989096559293
233.79684367628366
483.66224303815204
331.2033006693617
608.6881184844568
271.40519947268524
599.3487576906305
218.40293904785239
522.374235208531
373.80846196735376
561.3587067906113
257.6580706901945
498.5845126899636
405.858089844063
544.3973901532223
257.3074371965291
580.9252792691279
304.78166622434645
566.8549196358929
291.32075099747544
483.5714029669533
204.7450434885035
512.2251386240183
280.8433939297879
641.6928602867894
294.2248775362008
558.6079550313003
323.5368297476005
548.5371549288226
318.34245762221565
608.2195149157064
293.998744441235
550.0640468100512
290.87851789712
526.5111596915339
220.98640943361352
597.8199767947618
319.53455609595335
519.6167978135097
259.87329623829606
506.8993393472419
249.41892969265777
612.8557473012404
399.1814923698171
668.3507376935374
352.79139320413697
532.430076314102
297.3896262968785
548.72744921794
264.3602530331471
566.6748791345533
335.96032151074166
587.0502561783793
377.2025664645196
552.9816073058201
279.153057442362
567.1890458846548
309.85551639189674
593.4545666086947
221.29612139014804
542.6081463603256
302.85689530190183
544.4704946285113
135.00778511831854
539.9090891390947
314.98585517983935
567.5371925302635
364.11507095736636
553.3525608155379
205.71358756990963
580.0842336509156
302.7605790069243
524.4771087882698
229.14409457990504
461.1231872518616
184.251982832414
573.5419759055554
319.23569191793365
628.3804827146618
317.15891085283766
702.6389300574313
304.03211491204115
555.8657833444722
273.9656349755621
452.99257331248646
168.97979168638636
614.1729540790888
266.0137666986647
617.1999570115485
330.0713675363757
606.7149030347108
239.3123058608769
535.8894189217483
178.22552149896552
512.3103706737423
255.46703651242242
561.5775279995394
401.6620932413733
558.9430106707482
358.4853962439393
599.040573515153
219.16129964282587
436.67130001241964
272.38186912666936
528.8959536312183
240.0116905401948
570.2997318262247
242.5148107834679
597.6273317962128
322.4250235151884
602.778235723281
270.3979058414687
551.2280309441375
313.20173131696697
490.2506480621651
275.2455200387636
609.8708666791603
227.81702249737833
466.5114688282083
278.63576357079603
628.7421960436445
321.5564835163093
551.6128950257764
242.52709613315545
582.8980089252559
291.8134747141184
543.7324042148892
241.92002812296602
579.2726518124524
256.2982076368693
505.9964802130963
362.48072605785484
609.2898108216468
340.2938180066989
560.2315312988819
363.675320066939
525.2857782921665
297.4141543273023
612.294764010313
212.32520118239
584.6978719933168
231.96063013812437
481.00217004460245
284.7743634898585
516.7822645301364
132.9504135855564
598.8040509603932
233.05464172418914
555.8209281911231
250.91324578176093
491.67514079438587
293.35260721870316
620.3258741811233
212.44143197669658
553.0595472332926
312.8817763691519
474.470414441128
367.3213200077261
568.5664415684006
302.75310196773364
477.2372171897042
288.3555069824403
594.179927563244
208.4029574256632
553.6995321235937
312.660647260626
497.82886125429644
295.5670110701947
492.97748131881565
263.18062480777803
580.0738598534069
197.91640065854375
578.9058525522297
372.18524694736584
543.1590682655763
270.1996936271549
571.9175819198466
318.5990283754042
594.399793117769
325.82093319222196
608.6321354393366
269.5941364977
574.226129625022
307.3563731511697
594.8571969936493
298.86331013317806
507.0435928793124
329.38164931131234
579.3736537633539
273.21024541518375
497.47819619563626
291.12947444116344
626.7334371929092
246.4251069502476
570.2925005189147
280.02167011253334
532.8721965314387
375.4839804864622
524.2154337682963
295.0678247198353
590.5827895286606
196.85617001732385
522.3860082215782
267.5025605632042
673.3643930255267
316.9757828297372
612.9919761842917
236.2543155240167
553.9383187004472
303.8739350319175
550.1675368538192
301.73670771616946
655.3887166857369
242.89906950883056
534.2308179294812
344.154144155353
539.8031201982188
214.03988219813573
617.7414602015294
273.16023683418507
512.9430393719636
324.60481560615716
523.6920951153813
319.12501279156095
527.5302400737921
306.3338547960354
559.7225744719564
414.8358469705154
588.177181084831
266.47530145103923
538.5621555628927
278.306066876097
539.6512503207455
317.55418562878583
465.96127188354325
230.63825515419904
562.7146127804017
286.5854882107673
687.2900011544937
236.32278935592154
562.8164586748236
338.87023484114883
581.3227895142975
312.94493886238666
561.2465957840574
397.8002285491665
600.5093075379717
278.94422017558924
489.8004554634332
323.0403909744674
471.5032641897583
232.98007971582518
630.0076448642133
254.3811533990114
607.8111755817899
211.90128343148433
558.3353347425622
263.6012195091198
505.7660674632524
356.51761525827953
564.5993510629227
145.1994916833394
553.7215721592704
291.18380108470444
607.8836974828304
328.28223037680675
551.79688547494
258.321837664728
550.3446400951435
304.27427205574776
517.5855235471543
331.4503298148234
608.2229420572277
263.6935477968016
594.8547963809807
274.090207028404
503.69507922145857
249.54891589766217
569.763821711397
236.00383903645283
530.0315900196504
236.81964556470044
626.7672649163493
328.98701656841394
547.1891979488818
193.11392472847186
538.4543198246131
262.23287074646197
485.96533432508664
333.915791158616
577.246684778014
249.84750193294857
629.3334173692988
172.17251052801151
475.8216955773151
376.95814554844674
614.4185956317611
291.6506952552291
609.1612581447981
236.8249254717263
584.3460400639917
351.76117168764034
595.4464334661579
295.5430364410601
576.67614254719
285.920528284182
573.1820049796372
232.9715572383643
556.8611522508236
325.5656156589519
546.8231347910923
287.3387626349589
607.6888278623017
214.75046378524132
579.959611183987
323.1525502444862
529.3664402683912
279.8256110026288
573.2592807242874
309.90390240180676
558.2235770276188
284.4932932178801
593.086693442372
306.318828718648
507.97063784294994
316.8132491302998
490.51840677841415
269.35679856874964
552.9784835428987
260.2878761264029
512.8716770773103
228.47592303782164
645.6646734732469
313.3726396348347
539.5737101875063
232.70494240060327
570.7342068162168
263.1004287928603
522.5774193670294
285.11798293259517
647.6373898088134
163.61547246651975
558.0259671580288
243.58784292965376
572.5840157811782
332.40593904217883
498.7897547348177
343.9717063281398
570.9790268788605
179.25189955351368
528.5194737845263
247.32839870504384
638.4549679397377
203.0546051289291
565.9818852764486
226.04606887731308
532.5009239959113
248.70932513089647
517.5978393414879
250.7913345833154
498.3772017521187
294.3623166507093
625.098401691877
239.3416339900071
650.5087943830499
268.3397202530993
585.453526934944
192.93628471155034
541.1887600198834
249.74555214486617
611.9297141607364
307.19293909458264
620.4471980948729
253.16785834566016
526.6911286657593
275.07859038080994
563.3774532456846
241.87979087035453
538.47435304607
288.0692400681315
544.4022788111164
186.55232934237597
535.6402762697656
252.53676874449116
524.5211471411401
335.6636467462039
654.8120079417488
310.5053540416546
591.949171789532
384.32059758402136
564.9974963181394
253.8897958006798
628.8918036498266
330.6452777639768
540.5936401692245
221.85122046891433
496.4118364587935
279.4943795226184
617.0812018681927
289.59736442535535
562.1413205505736
334.02254151726777
559.1676708164367
247.29991367778857
462.2890305129179
265.3048682213249
594.0982609744441
298.74530002187794
590.6283175283045
292.42767466130135
533.0958880051122
231.2657715602292
487.1802516539804
250.08461886486597
484.2469142204978
356.0050998120525
520.5822397977014
297.79242315775684
537.5146156981731
202.3364223829583
634.1149750031393
280.4567952319787
573.9433387413096
258.9002372584808
549.124897375034
309.83399549072885
591.1469177742451
325.0307431428914
616.2899726622841
282.86029466446934
606.4034354183226
374.41161527869576
599.5532517761528
291.9007034704534
604.6842304005518
332.3279150323691
626.5955005816212
309.0497947981711
534.9665903905548
313.96174156174476
619.8852761113966
286.4516635567193
609.3038573369988
233.2168626114899
597.2827676843788
346.4286777914424
549.7556379943941
309.47893160415987
549.4510694453014
252.0450324645918
627.5267781927615
327.28849625560383
544.7131336494124
281.72429681904515
509.52963222356004
288.5926206049036
590.8367263157585
239.83638538960574
497.236537233269
271.0844395095603
496.3168855200296
233.11418297760844
543.6894571340207
296.82790148357805
543.0676491756425
336.0979188645404
484.50592569300284
335.61760760136826
561.669442585948
257.5117164298343
586.5360348762549
328.37662234079755
618.0637066523358
389.61433343214367
555.600964434931
281.1365796063874
626.6071198880543
349.6170748686965
556.3706059548335
304.1780563294851
496.44849354097397
283.8045852229193
605.7634528795013
439.63173326544904
490.59949176776865
245.87585671668825
681.5039943297134
248.55667596381184
538.2792854578142
298.33792842964715
DatasetEnd