DatasetStart
514.814259391676
161.08782705650754
718.2598761432819
286.0049879071928
94.1697427114446
225.8140849330113
479.3257902751278
132.46767013171103
550.769306875738
104.574639527265
517.595937289665
93.28651541701085
573.1331393935518
164.99765881499434
463.9071972612316
75.93719681291275
529.0386552147829
129.42373228263907
554.7480815109604
112.72516470524553
512.0836120482057
245.55336082107945
544.560520504813
277.0900857759287
537.4647866116093
147.2496508547885
470.49796284675256
220.13634449313935
453.853777106674
131.95282313342273
565.4134275800532
173.69307596631202
527.8275243157844
194.37590078146437
498.91335912615125
170.47396990978442
600.392860156376
101.61282241653062
529.1828474900454
96.90206404816264
459.6143139744299
154.81756255275445
446.4160582453215
175.5685827396006
562.5738539205086
138.41137748418546
474.4152331627295
178.54872608344365
511.4111012632191
234.43692698169605
457.0828622474952
163.86958577607152
535.7118140418395
141.7199276706599
553.0872252212871
134.20182468490574
514.0725925663304
206.418131292794
505.2606960977043
126.31666371981345
598.191070159109
162.22311341548917
554.9517292884027
82.89786682052231
519.0493942608445
287.2907780762213
512.1269778500226
167.28810697302708
546.0569166284884
166.6487583884257
505.94782466780487
218.55783210154027
446.4727217186613
135.20704777166318
530.226440885492
154.83834293742663
490.42419461524054
221.4635536189804
523.3120872664168
161.85362563000209
492.08943768055406
173.60968925050543
564.5624981606428
175.20620684363956
460.72275859288584
158.30833062832522
593.4354890651942
78.55250234107523
523.4457400224882
119.99923019249609
515.9906862513399
105.6500692722839
583.5436358727683
181.74974578947285
566.636042862794
73.80002272098326
459.295935270613
183.0815120528453
521.9291221847708
173.92920591026243
459.8616723867956
260.18345661292693
498.82780292069174
127.04350370730508
573.7664274788374
156.66965532346154
488.16263427865476
122.32971887030291
535.9578444843632
226.7108188061993
503.4185607584613
147.9581254850731
474.24734991293155
217.88717202239874
572.5447038363812
119.75462436358798
467.83250424457236
118.76983454545909
519.1880989462846
170.90086262616984
532.605086122749
181.43057471871361
481.8127676363929
141.4846999743048
524.8511404273842
236.8688621721833
492.8998702913465
103.77006208666462
576.8648161898823
157.8706180311079
531.8608428864301
143.8950747182713
477.45286156633114
115.64253002619007
522.7590084313466
234.92314430677396
570.3923347335342
284.41865891087144
511.26811932918935
117.32393211960677
541.6219870051648
217.90759414808247
487.9859222479
148.9665784245264
427.0735526619108
214.89729701399727
581.8966426149319
153.32200221026588
489.9503126348628
149.87483503993136
540.6092911442653
203.1349977359444
535.6432169738737
122.31575221185882
536.1127264729259
108.71174702587741
585.9593176253651
198.69969966735295
461.3555683657204
172.7265870761195
479.2449986400026
145.03988808168629
484.0597098042089
163.67811808921527
595.136254781176
139.81412639927174
481.62398641158563
183.79798530827833
523.7240884646055
162.80058017553804
573.0503734889514
173.40349681220223
577.2395734848664
200.79630706410677
550.9837967990682
146.64852270778616
548.5467460744494
203.47953840587294
568.0801958741333
223.90731795207614
502.09479967540017
132.52617976142662
474.91679432611744
109.09268828507265
547.7132661138569
166.85649895480088
514.6402553078569
249.62856544662094
476.5489720746899
182.50436035337702
457.997060422842
160.49568858684341
533.5906133294774
115.3640075762521
526.1556090796896
152.61546929554075
397.45882824904334
174.15420496801264
507.9370485220451
184.66497738182002
538.8804773616289
116.09697068831687
521.2236123390012
142.14313835884653
549.1915969892269
165.91426706233398
567.8985376112261
216.33984153306983
505.3058621129459
158.2340208038371
556.6749968884202
305.93178537761906
544.9330471507603
136.83089795138204
494.7630773982131
210.82121551700465
441.6263548353045
220.9824420274026
438.76871794275877
96.58344567097929
579.9135975404586
143.45185155372437
471.4434383746279
199.61309540717536
502.8114658275476
216.08023875359197
530.0972956349957
182.50837769144243
483.13331006735336
179.58086427775132
521.5272935294443
218.31324240710632
471.18718131626986
160.08941549801736
497.3735661989034
223.58558113500538
546.0362746873799
50.13002357851549
451.17878809728916
199.71463654070158
448.6395134700592
136.69253845157428
522.4953525323396
171.92056788022091
445.3314186023517
188.4084780863557
520.8595405066417
192.57134237485758
547.048428940384
98.52716514646455
405.3283121756343
162.69402423124725
606.7090632934217
207.89558841445185
494.0472549450026
214.55266907070862
481.81942919801605
253.03899331029623
517.463738657644
134.47820544787928
513.9431262595191
213.35538117069143
416.6173807423432
131.80443409588054
467.66458290362226
155.8954700062127
410.5925307767419
102.50464088296143
501.73869284333614
160.79555215877053
526.7205081566715
177.13430510400886
537.7104572191113
70.18454945402013
595.8638160067865
133.9465149022518
540.476634287419
125.93536468479627
512.3733673596389
177.13793122147578
477.7965806432366
201.9500415912352
547.6887499026952
203.85860541996254
484.46076180331397
146.8498791740806
552.3394972062357
217.18651577916754
539.3662628952216
148.43261771384113
507.81977629974585
102.16833922658391
508.85787255220026
172.42659208995943
414.09315976960386
215.42201119828184
547.0565431349735
131.2036444954244
523.2280484165055
135.063023523623
519.7178339493908
161.03891311387017
528.3205962899366
113.70608813902922
430.6632095418174
150.58028867486914
490.31357169562847
63.37153238425431
537.0956301744609
174.7256531406468
507.0230469659867
207.72787484182658
523.6956920662258
275.3375258157559
543.1444683872305
164.92110759338576
463.31300387559486
258.40266870155745
472.7620670113427
115.91353963775532
422.8232638278474
150.63841933718953
535.12558798915
187.67152815277538
595.1247500494388
178.62089051710643
481.391106594614
199.53537104336118
531.3043073341589
124.17018494781712
608.8730554098148
154.0294031662735
470.4826752958531
159.7445705154088
555.4042100665839
152.51385626596033
489.51757348173146
119.35309268953367
487.51682001482436
162.06944222632222
581.1233683420552
145.29149862095045
440.6254915195067
107.07742684182939
521.0459428451749
157.73361173052535
420.05378689231094
175.69088631686375
502.43491737185286
140.6269907794082
560.9295247206621
168.9709855628645
529.7301963690479
156.36779238623106
442.0093939540702
97.84455182801084
514.7683341359993
159.34444150723138
456.5903405350653
157.74813289889184
604.9765944027956
45.53660468743098
534.7986031195387
167.98119573092362
618.1685109200537
204.53502701533492
611.9309689852337
141.67940431576218
525.8489053968088
141.96311912248257
480.34835355437434
35.19612821188413
466.49223757330753
196.60635559271307
552.8501689431386
137.45751019876437
545.8054162822895
210.98990715316376
473.80879391724284
135.53662029346242
558.5687054548733
207.33469591368026
577.4722494995026
212.0477137319466
541.7916796584886
162.86151035447972
529.8836129313859
124.76250155692654
505.67692288503935
152.6189043011257
574.5928920121996
164.0457322272667
564.9135082579562
165.64305870477833
508.6038592494329
119.0821892449666
508.9159722044788
112.3398291439074
378.229993286291
119.21444604616019
525.8880112926937
185.1845353673099
527.0433998997609
112.37814145933369
495.45771644519874
281.2730810844334
510.42264763071233
104.06814257867448
407.594217058853
148.44880939699024
534.4364714377401
145.81130572140418
594.2444875534749
231.79906111827518
485.53298120049686
132.5237304102281
531.2622154806857
203.66426640892695
523.4207627389849
132.92381802774239
464.40018423834596
186.26995919877123
444.16247705657287
176.52917142347133
574.9108967845938
155.56997663774857
519.3183240165557
188.69150162028976
538.6576162647143
103.07013368993256
565.5311442521538
238.53205491710912
493.1278206735043
257.7665680411761
448.8802739649629
174.3120616214143
525.2806258296857
205.96937552286852
559.6080654885277
125.64464876538918
507.6607362978347
180.89184345309067
537.7950538014976
131.27009333732357
550.8009929067118
211.16846586874397
459.73814211317637
212.28438375064772
555.5418082838252
164.42948336768674
463.05542047570725
283.5907050842659
457.9288105699363
95.82916744984911
469.2419641111255
159.244584822542
544.8478777246738
230.14744440605858
491.70601117467925
180.95352782559078
431.9285584861657
216.74755112766996
492.40162872763324
152.15682562317443
496.74055625526825
148.00797790550487
548.4230019341587
138.9159184383094
533.1700299572476
140.63967244220626
523.4021510310288
115.65771014686814
536.7412752582501
199.45428837755904
509.3578053232781
182.1720273986849
474.5639656620211
162.37852487759454
529.1007057709522
152.76353039857545
535.5654503138443
219.60654376951717
555.0266835555037
53.83436709375604
516.9073887495063
46.85363452601308
594.3965813609807
151.5070705178031
475.896796221117
114.3273740464596
501.5537648588604
229.6501680959662
418.55525993447753
166.21557810234995
573.7392222888216
197.3846638364521
487.2902695500213
95.47095964008744
539.4195900752783
134.13565964902654
420.4450929130383
132.99523149808988
500.4282843237004
148.79817276449614
496.8543307706571
59.212511123579404
551.8328293161491
142.91233504319317
537.7643085764203
157.18411128603287
498.18310921283273
241.66822371920233
414.0063823991819
176.53584486827546
571.1547840359965
171.26115326601936
500.04563836022845
85.05727900398382
510.71769915995134
185.73131505801157
592.6955571199644
133.19478273109192
542.8492450184499
197.60833886207016
566.9596133025858
228.02369619525206
525.1401651556993
207.1436058076075
457.8568999612787
199.84151424317608
442.3888199401418
151.00967444544492
519.4083217579172
173.12807284221498
424.946930392711
135.06220001021182
534.4119703307172
243.36106346748164
415.93297255196626
251.10628488699058
573.1226489155035
164.0467642287506
563.4448309545841
161.79415752540993
531.7884326509717
167.11020172970123
478.4517970393963
209.3389280517689
550.0927858051161
173.28105242682108
489.9972427865563
242.24872009003644
562.4951999298898
111.11622008500383
557.6598620135558
100.82570363089052
530.8944562788457
173.86218132482992
449.6797104936569
175.98725969559052
626.5096981395953
200.2048695239092
533.6106890050155
96.59992333162893
518.5948435057592
99.26306962729733
540.2507547437727
218.12179107718345
531.7451747862708
160.1039345610122
419.44192781490057
121.10025076230077
504.23787509065585
256.9473875628333
503.5301360128182
126.63863560744852
534.7862876025861
121.98488170496896
489.15576597199674
141.3862908953146
483.26804437361284
107.85593887973727
526.6569689619796
218.3558193584844
578.0501772872568
236.01773765303702
528.4116888984527
151.6319958323676
428.08780359707646
169.21245803721214
446.7833893162712
183.35684345795403
458.340291686868
108.69664938234831
477.6672454725652
190.08641650631546
537.3820482052216
143.71629597014328
433.15885524386357
110.46144554723456
505.6189250041208
187.8757214807248
524.6046356637017
49.63617408554627
476.6025773859295
179.31430238455914
523.8220613038965
262.95021254826975
517.4812965586298
110.01615673322564
468.927050661569
98.29119917449746
474.4869663310874
215.93297492744972
568.7761578797813
187.69637096894542
432.53828036199303
119.5417796482235
485.03074879135744
151.18978723523657
574.664696901338
117.83266704706296
526.8569198905224
149.77762332426389
625.0869604918356
202.67595890871377
560.6882287834135
121.53402708834837
551.9282188599913
58.49519758060467
406.6267683896691
195.79439142286714
536.3614722235089
240.06913957403344
422.9461900893292
175.36464247364896
574.7906419613614
101.30657541910172
479.747517713197
252.07163789197517
611.7963009284099
144.5974012392542
406.5033359957147
154.61481436532347
552.067347138438
132.54027660275202
518.7728730527605
113.98475343862007
371.7848327495959
109.24326433682492
535.4476405230071
203.33008875208736
525.7374955575161
177.40629738482804
583.6768984137882
160.42883751110656
462.26768729542346
162.5036532879918
492.1198871467814
170.0001091042241
561.4288555701147
118.10853293897787
503.66794259810865
171.63728453940752
486.61145557024093
278.8889817523357
576.180528287385
98.66428853586093
572.8088560616791
204.97990766354235
445.2884077586057
166.80841788224924
496.14914638772905
203.83941950532756
497.41101407048876
184.87641477327344
486.47088078164836
129.8933506618112
511.7325135321721
121.86333894976275
549.0044185609496
207.00593799517702
500.40503077602295
177.95602342686533
542.3969685177698
201.70136797886155
560.3525328224371
138.35226436077855
564.4570991275003
73.00694845671508
528.0139351175045
109.63756252382498
426.6319510374866
175.4662944593719
495.48219951525414
142.57661939385716
467.65430949924564
160.68840971401582
439.1517260377047
164.48534873141048
495.0323407663122
119.49482392162916
474.9815546856735
43.09836407631525
550.7554743059329
155.41087760824445
634.6014633414
185.223871010012
575.2684036379121
131.72573333037278
543.8546514134728
221.6920580923531
467.4790448529624
118.90552550056324
474.93945683795073
126.51807433013926
541.0962505701175
71.56896231000479
518.3154527272363
179.65181529784152
417.3534802304053
49.64454132683785
542.3374404757174
172.71636995175047
476.86556164529674
180.77098045953218
480.42651534880713
119.81013839840176
498.67266772674566
169.96024281285625
427.8370827547356
176.27412210106678
554.2475488532247
218.69752120133916
417.4948203449064
128.32235200233887
543.5247510929606
128.95167931148936
515.0953146950268
129.355537746117
476.13555976327626
201.1149037258917
577.7320470702518
248.0775870305994
513.1024352829118
147.97421577348746
526.1029570183197
66.95683117013074
532.5065873127307
112.9769978602038
564.3979773012417
226.75289831556694
494.8244446536307
99.97194479766156
469.31827301876126
70.3850541935338
527.8699289537325
143.95894486379154
452.9509586656363
173.8554205081348
450.93920479230326
123.01151902314916
499.7461345792916
145.2822873598378
531.1057471325863
212.72344188866558
556.522296456275
119.25550383622556
531.8742355203957
165.92156022853064
565.9875722475542
176.7030226848622
619.0429800478306
146.7732694310733
439.7311888904516
128.017941456811
446.55251760371686
175.36196397679868
581.9467306521937
129.64427278561348
500.1616238475103
261.7552341429006
622.6612761764343
168.7636713070895
510.04489509628723
193.95870287667302
567.8468476105895
171.96515031819789
483.83616393337456
161.97116460501712
522.82268928067
212.59985662197613
432.36770403574735
70.89824576019322
532.8733153967171
177.272183703965
503.22925915070147
151.00553141270566
453.3615006843554
168.91878941161798
482.59892520227567
114.53925521468446
537.507876249236
125.00269733757119
362.3389796870865
141.2999443375665
575.7457943552422
136.37123095268848
505.333475625369
56.1191502689841
421.38163850671333
119.73484122469961
512.3731120910629
187.61341717317788
479.5555215567447
177.10830915757043
486.57555812583456
56.92120563544006
512.7268672668592
189.4672283665878
561.2946654151909
252.2764957519313
518.4674787067328
111.9195355269837
464.37855722533084
129.62838743027928
562.9423000629868
133.28360170652743
563.2216224065361
137.45157387061084
488.4139097226995
213.76270301353333
549.3284197865445
232.12405018834474
527.0666190273574
203.63738936917335
468.2617230202012
214.10779276755284
539.239429697473
215.26333378165623
582.1894032864521
197.08247600678754
443.9236196695353
177.51514401231668
565.5370684492702
208.22209527852633
522.4274911061334
240.7210145792525
520.3350818382538
174.835241324696
524.2560775927302
132.1553417695415
495.19645570423376
61.21532557383301
523.4886149950429
121.62650630014329
539.3331181098538
176.43648245707647
544.1095933629493
139.77994504883387
525.7208366411413
117.49446082008058
587.4916631044664
245.5526457980405
436.11317756656643
122.46589979275436
489.6364753447899
185.985139500644
603.237758934046
204.7558915258969
540.3620301027652
248.76464572145778
581.8877685938503
163.84085007894265
511.54103148981994
239.83592005217045
548.9840130141449
241.27882739338935
480.69734353077763
89.74387640346107
523.3561310675173
190.9228146716358
493.5079873183627
231.98759170204255
519.2705113971832
160.81660685206762
413.9386803190931
254.68571525709626
402.21236535089736
131.2813520296311
575.8092054793003
166.82937755230583
461.24959296471366
201.145085163896
469.69136344561286
172.6521226579706
528.4632473877708
214.76052730945543
480.02998877702663
146.2645450427046
470.5676638581008
85.66860029659637
613.891835316764
246.11662001104372
489.1725103879565
192.91183604025693
431.4214210331936
210.92547772869094
600.4126499987665
198.1987175182356
446.7865442057996
150.36536593092094
460.19798174659985
186.86391762385955
470.3434260378869
97.42883996055426
546.9422085568254
194.70576689826558
417.5476810526593
251.48971814607444
471.96717994934795
148.74692781437875
623.8475909371516
213.21870588442042
530.7543914752616
148.1491676065658
544.2401935182877
215.23192779887793
518.8630456146085
186.26855218713945
551.2777253746383
95.10861020169628
521.5049466339489
73.40910869874759
460.3902484564308
188.73760895928802
566.3067068397733
115.86166615731219
508.3001991199947
168.4362323757178
578.8906880692983
200.44768977357035
546.7075660459739
200.1362493486393
468.7451048096305
180.55372169778636
451.98809333889534
79.91253720883866
524.2129929961714
131.79656799190946
457.90574043224996
245.79103464037294
493.6309970558134
212.51036527885014
454.99598603925807
205.29910526282225
561.0019427338478
48.7380028132318
510.49218051884947
224.65407261529683
501.0521366277893
162.80143840697096
588.3716626915186
189.3242152962656
475.27985662268964
254.50936554324008
490.3074392970259
202.3586928004196
530.3607412382308
200.0743568001879
496.45538905933415
160.0894572057435
460.78819513360867
152.1586318700558
554.3343509559476
213.15880717518317
444.50614792854384
129.58018419093386
547.0602571206459
124.93964330544608
551.717169156803
201.73642242900445
582.7111296503908
201.64931944679043
572.5040033195326
171.64903191605185
521.541597231319
181.20281889128873
586.1130220744635
153.98464774131781
489.66838276029847
134.58502742328648
462.30537926441593
279.8203077617605
569.7362740204039
106.62066422629559
563.2116382990177
117.80135972316535
466.33466607003305
234.57184150238862
460.0429144608394
155.20731377710004
490.8154772135034
176.32976395603214
553.7525288820536
198.33837003161693
672.3089982952164
276.63272377818964
727.0932987643926
302.7394813369443
636.0038124917418
315.059742889446
676.7428314093379
247.1284053517123
632.6151603178214
232.4622446992499
767.2561368797494
299.7384068525661
749.143183618131
315.0890783491773
650.0909597115019
326.45491059516786
782.3870659877198
298.1010408191359
635.0263071817294
281.36028877462263
685.4640073814434
388.36270092854653
766.9598809876293
186.67046662083197
725.4717607724192
428.11026431221023
789.4496073892107
317.8490491604332
732.2038795448962
196.93290563734323
749.4316168397719
218.18185146452618
748.4617166276769
242.37344671056232
729.0491081528697
277.4679841218971
699.6961251599786
346.32775381832096
721.8252192182384
295.75555309060337
674.3726426454836
265.01484768612704
680.5924378826943
253.20107457831898
765.1197728730788
313.1328152341676
733.5210874779816
358.12652237581017
661.460985671008
325.0607550887463
797.489086607495
230.95839829083462
666.240901823951
300.35967436353246
746.3516297915961
299.3482369148862
704.6516831778459
243.77576941026643
746.9443814964658
246.8396016596159
703.0660799229134
271.1124626232024
710.4378529348411
279.6435132790614
634.1824752757725
381.69047333453534
740.899301757233
357.46983096362084
790.6378651226366
327.2732014780571
675.1157552801815
330.4974801790036
600.4880599918479
262.56064092311044
780.0404309760764
327.80164140610736
766.318911921057
241.73190118819355
789.8777368973806
280.09756886657283
724.4822770518545
316.3374961902945
680.6971213964176
271.7989837919747
713.4457902925529
376.2840266244361
760.4892379074748
227.96318015016107
673.4235635970037
259.15894654227714
678.8258857179314
199.88317679902278
693.735737875424
218.36517089207194
793.4850148121094
324.7506020011915
859.8033184419028
258.0650887971642
680.001499513837
304.28205871373586
604.540182993876
269.78681839589115
667.4150567850068
405.17369825380064
699.63151989444
331.02293516709835
775.3808668435237
313.53037271666614
709.6977662246394
236.46467344046863
718.3028516132958
303.17286709649534
746.9272043999183
224.21599671476747
733.3957976454775
209.34461054169725
852.3712667083977
209.94225134028878
756.9602626693097
307.46086576002654
742.4547861429841
289.460669873467
768.1613476370408
394.2948554692037
689.7715706521063
279.43457957319606
725.3767523386384
250.0383557452006
691.8106825487645
284.9628567796204
708.4169930255512
270.5467053028862
673.4266499719722
226.7723595103419
734.7585781132316
329.1539634456513
713.0462948660241
324.55435305288427
741.3307399758837
319.8894876714244
726.6737875880026
289.22172523718467
693.4497473094881
332.97055514946675
687.8121148766861
345.4213953812604
727.0705322489049
252.60390974113363
730.3483295833391
162.0721891352611
734.8969218916856
279.33634642953496
768.2145556771516
304.9046910388702
692.8450953448873
243.74557022060475
737.2143394940308
350.0656724875565
767.4188870041501
301.8214098404536
777.3268006460122
245.0954544360246
643.979032905585
307.7543689953879
687.8211873963594
364.53970929714126
714.8009252919035
271.5529994526323
734.9618657259571
294.372549143605
772.8493093059576
223.70013954436996
777.6377969727715
211.94797727351937
723.3147796203147
313.54426632670214
704.2503820283858
252.41069615787654
761.4149772169447
366.89226541388473
675.6760091369932
354.71876295615004
763.757361268962
310.57279493900006
771.1405845242746
351.0932714660696
728.370704041221
268.4641081325798
650.7692718502873
307.11204119914703
730.1191708055562
252.59880057027178
685.8088494958153
367.17351803735653
761.0436240493909
391.51748564988867
653.5759166118393
253.65500081053375
711.7729226626069
319.3972709481631
695.1567135663031
289.4437522906292
769.44001616178
352.5614205659488
613.5860673057471
259.3517801530285
690.8318924992775
256.1089504097157
744.245905398013
250.81659570200975
735.088644136911
237.4812667265762
762.8236773084667
327.08333485360936
701.6741140332172
221.17951155790007
722.5597340369095
380.0712684633137
765.075286492289
297.78800012884415
671.6314117538849
358.8777135871886
709.3333338056868
272.54197031846144
632.645134244816
224.7567265814929
621.2118794460972
348.97515996571434
662.4675237111629
326.7203315873404
725.2393368909006
321.4985784686636
692.3408425725402
301.9416559571756
584.4886308571201
304.52675012154293
683.1593336183831
315.62438096317396
692.7242602990548
331.2753882826355
750.1731836034041
267.3094654275224
755.3068583236318
275.25650453242343
767.7528590400933
446.0017351301376
717.0053617167139
378.387631379746
777.9206239167551
282.1753354795889
747.9798030955495
190.1389475399659
701.0865614953655
229.72116732509141
637.3235586509752
298.36805797559407
720.548683197423
274.00956789663485
691.3105091198482
303.9875815007397
659.7489831908491
292.1223047686016
683.6612896370873
260.068558918197
675.0447016940909
251.26568712751038
687.4403655833003
257.91774466677293
673.956310396668
173.84114564065908
695.7296101835109
328.7874245030208
736.371205137275
288.221502346203
730.0180517207018
259.83877939291835
639.8536146349874
227.54782821476877
731.6039948436729
283.9301865373166
692.3009314095768
198.77220521025185
670.1391878445969
160.13435684263408
724.6687393428541
347.0702930957398
693.9402704577695
247.67196288138004
759.7108820381724
368.4235671141076
671.8266474031348
394.8494246142766
666.1890859978276
299.40816635175
791.3039176461647
290.7625144596358
726.9048616273132
134.82251292146066
723.540345712241
359.6246239869164
685.0781067485545
366.89213117076673
798.4617715537264
250.72654059192752
827.2196923212955
239.19090113524666
745.5846909998827
255.65378153874187
667.1983058785914
324.2407637893812
757.3270465071026
260.5478160668627
678.9851213152755
322.7188350957608
643.7106006635552
291.0163885638815
711.410206111339
397.40246888499087
707.2031196038419
293.74302687649686
723.53532562725
239.90101159464965
700.9097176064874
284.58831492456125
733.9262620118656
262.94428476337254
703.1219184916184
263.0757949185992
650.4696009208611
180.26396901071095
672.6892884122334
256.9613550673354
790.9717799006553
245.8731177655684
726.529794122363
269.4460338086424
848.7558422127097
263.05704070701427
743.0382503912455
198.2073909176932
739.6591718125521
269.9389147852916
668.237701584744
252.64805178300492
745.4705183634966
253.62447742269998
607.6583622499587
284.4724845753314
858.8522832091816
215.51999988982175
721.2910280650789
347.4387961032039
684.2306284372127
302.6725083946873
710.7655782937227
319.6179819322257
660.4894349034017
310.9930936661993
703.9687390293831
315.3920509958447
708.1741251138226
233.21365701160857
712.8046541625696
268.1346665763731
703.654622691304
283.5398947799838
683.1665396380381
197.53206383266752
771.9072530935873
243.48260329046286
728.0482846057338
248.34001149957828
779.8970773391384
292.91702764274686
685.2051303448767
266.2028171286503
783.3097228965717
329.60215709198155
733.4943444840249
336.4968442879143
808.2347611234874
278.52521305266083
646.8383758130378
372.5678624467548
707.868368293761
369.7940712926371
693.4562016004488
313.46894446988614
747.0486669331518
252.04177774888433
689.5279092836345
310.2825029220082
691.7595964608579
345.4730230517746
738.955419306429
227.13486404383502
736.7613859890092
240.2809173564891
748.868767410161
290.87112017817793
694.9964002331398
363.9479480368687
686.6476343373641
227.86328723647165
691.6632571689862
248.86941188834643
713.8449361046405
329.5010127948227
690.2233552628545
252.4934567370451
672.246761292351
193.17890601855282
748.8726790023567
352.39282245493087
644.0437337188762
232.95245698089988
687.5634400231588
311.4482026859318
761.3178199959001
314.5344569959836
760.7945472313766
328.3821471882049
733.4335983734243
215.77036390724564
765.1007243112736
269.5747495331383
658.2158456087553
260.8783882598277
713.9788211511968
272.40058068994114
654.4232678625792
258.3373178734156
803.2279195967699
226.5054698552956
680.2527746979146
284.58972737716374
670.4007476414234
350.9604279158975
693.3960820810958
265.94954777851234
695.521799940562
265.73231005006784
837.9594004136741
251.20493203031037
783.1223474963439
341.4837898019589
776.0526238197558
300.06900069252526
670.1097193160236
383.5388393095429
818.9675206757913
257.60011223560855
697.5334309926076
269.90193220281697
672.0138568330852
226.3736133097118
717.9516016450538
224.9742945772691
744.0640726657022
244.83624459538856
749.3946875244835
273.12930592447566
730.3700311138219
288.9491683186331
589.5690696899425
338.48325757047303
840.8534863528658
218.28755631503086
732.7805032038327
230.70170443183437
638.7533090890173
136.74864415155622
787.5740224926357
236.96193019326668
699.7412173292375
243.8390502613429
717.3824187223533
224.92342563484138
687.6906156926119
212.1179373350388
718.7803828306443
250.6032125576392
660.3215079270145
262.5869858758284
744.8353317593362
301.54122281633704
708.7455486985036
316.2157378043882
729.5104630657463
225.94420222178064
715.1223206646092
210.75592172859797
625.1161002660633
346.75248427988646
694.3912557491271
326.6092151629995
716.8355746665719
299.10896220524876
696.1293026036928
311.5957988251873
702.7926960623587
330.3628127441611
756.5533000312653
214.69306375536138
724.0032976634761
273.263050506445
694.2507895466318
306.80807847964365
740.1376011075648
296.4745545200945
718.804656522079
272.36987735905694
713.9375771928192
295.64818268953246
685.8930130011717
282.19320836282816
813.242609992244
258.6570285009609
667.780346031633
275.91190749891086
791.0708922844929
213.29043103124584
768.7231905731406
349.9108259461903
777.8116720830649
338.19052448457035
753.6468812166827
188.96666162881382
674.897909360739
238.0673326463995
677.2335143669461
249.292092982911
681.7637188985155
247.46742456459702
737.5442289829477
286.4992343357581
674.2487583357299
166.5925607228802
726.6185444640901
239.34757085316826
653.8877161214692
310.49225780929703
703.5669755708276
190.94498879053168
753.0859532466135
293.01603001642866
699.1822150806591
361.0665682271766
659.9791418507742
302.6654720098058
740.3948109244274
319.1319827660974
731.7973076382937
234.31572063557144
685.0909408612813
419.74357634341874
645.9855692680494
320.8305206516169
761.1032165063143
288.19138811657
718.3580752654285
202.98116807651212
724.5665630494098
327.4723767989605
754.6498943322537
334.7047249919071
753.4436884084911
303.31183864336094
710.239647838614
277.2018297323249
703.7324608026381
229.18341208616687
751.4401875572818
316.3393697740135
641.5215424028718
303.02006235880697
659.7251894713819
284.1213362805467
784.9081312365929
211.91838297956707
704.5177217670434
304.287688025938
770.1749923672195
306.0496234529939
735.1495532075272
266.34272841921137
727.1881444295726
286.2505989849294
661.9066906609597
238.55275386294417
760.0340657502858
340.74220263560545
696.2278438931281
241.01344535199925
744.5330418619218
328.8177281194635
763.0256226767652
287.35770204395595
779.1977828062279
193.16291633477016
709.0374433356196
211.8904046352789
695.9067103760068
280.0355905171486
702.3286398083985
291.0823937153576
707.5790306201977
409.37032380823894
840.7450605077839
385.9100555594987
826.675216899921
282.6613173208331
685.2244263183295
327.0026964500765
628.4384432672424
131.1251289152702
776.1086343714995
217.9431511001
711.788457760231
318.2021061075105
707.1536531163656
316.09203945955437
715.0665129253048
347.81329729245647
755.5754827172425
339.6899938833433
744.770184226959
218.79589005143376
683.0804361462885
255.80479688877116
668.2075197156631
278.88787281357764
729.7350406454302
279.4415458430782
664.9649316426295
330.45874659660046
695.4771252475929
241.91230679455862
827.6897451508252
245.83370363381164
690.438474416341
381.647891711336
690.3745666110738
300.6510112431578
713.4823709109021
211.54209502107284
706.1565206760458
257.1068286129919
819.9376643817003
242.8104636157874
788.7635120393334
309.59040729250484
682.5370719836405
341.8752015650128
750.9754332326723
278.8348332251899
732.8351490284672
355.09325765657775
626.1951378598185
310.4155639603914
692.4243370354687
221.9980298712208
738.5603419844534
222.00828682912785
712.6151833331746
318.34796770590833
728.2593619381793
345.8077329757768
673.5387932145962
301.2892378844219
739.4567864379455
293.4928216496528
781.4199379767074
226.30194056890068
750.7704853799804
375.58744412397107
675.3654909581355
310.6483660168926
690.6157444294067
292.7213678834543
772.9189540354997
293.5320862749634
699.5671958635445
254.30460827907922
763.7082962984197
229.63127711878462
698.4394672912678
263.91796432949866
722.855643146856
299.71744372318096
746.3946396518294
344.93645482230073
788.4183363695888
286.3443156477794
775.7005648973178
171.4396278367593
813.6856339871176
296.8879288548066
740.4234717707715
326.6376590873879
678.0824075709413
371.384175121126
623.7730323525901
285.67336616361297
780.0803530518741
324.89226853170055
776.6754435100216
278.1483408238193
610.4615318350598
348.50717926539124
663.9777152882842
325.7435431088526
711.7218274534691
256.9284079219123
653.5993140025988
305.82230113929495
693.2710660874217
232.34702399349487
755.1906820298404
386.8764955473682
686.8066450374985
307.44785149067854
716.0110788237836
253.04262987750775
669.0624346576592
284.9226891354873
721.4523294533485
362.8776659243258
659.7704746716523
305.0655636967676
680.514393834084
239.29805172963034
762.4990523841147
318.80429245707654
626.9990631831984
248.23207958289095
727.419947076467
285.66250017346465
650.9263888144243
248.9685050329986
762.5359429829501
338.64536924122353
760.5397894280542
396.3774674773682
694.3402312414769
333.3890336159498
708.2494241073796
313.08260671352315
744.4801317210888
300.0508217064292
749.1982160918506
317.60658376527465
620.9073638107299
314.61170744848573
651.4235161956291
235.25623670130966
721.0260017863621
294.9678788504438
666.9778325360055
277.8386627941974
739.4188488383712
265.9643466455865
739.2302639228487
262.29366190594544
772.2648835560287
255.6080533280912
755.0839576005612
224.9645357464535
692.5873294184947
257.5689001494774
815.8843502254165
423.5332044652986
762.0597069754422
242.11285781874147
791.8817393177643
305.35094491585494
720.33342963234
351.47249566605234
703.0904711691984
312.9008759219603
721.5789158070903
349.1793805790322
740.2513411393395
301.20056593632927
765.7466575185815
287.1619068927961
774.2715029085439
277.65204925588085
635.8410458646898
238.561916247576
749.7212559322186
267.68765429230666
710.2521509295142
276.0493528085911
732.1314769252692
200.55132837548783
767.264244264806
262.3492454817434
776.0785688214451
225.68083242074823
768.2525101733108
300.69898811912617
800.3701402259774
279.7874999581502
578.4583470040218
184.96744666039143
675.640128131406
255.08627930425436
662.7053779108239
298.8075362683654
703.0388810321625
380.0147556398855
691.9593065844995
275.3080718892103
702.8119485982221
235.43650219280332
724.7327278647899
259.1169714797253
745.7014060396313
315.21188660274737
717.2888752735265
171.19703682285223
721.981140527297
203.57850047516746
781.6456585849076
345.33058920917625
703.1966701235974
263.31493623647754
686.8959617215141
305.41152955409643
674.8085628748864
297.6804120009896
820.4897629806579
323.2462481132164
726.0645754315951
290.0162768417808
754.9547855113359
307.90566757300803
768.2568581342365
321.6025281490722
768.8247357330002
317.88676536224034
699.3638810851799
318.0262078947117
697.4852339546579
249.88462328946002
676.8728905764912
228.9095085358997
651.3434039377612
303.7743893402877
745.2371739766456
249.9810512195946
664.8183335951682
277.25835366235884
780.2009501404635
311.36629834271605
675.3145661042682
233.9440809399375
772.1833037478116
319.86464723600307
743.491560110342
370.23505604009785
727.6366163371247
357.38550279465676
635.6970696313858
322.7931848536448
734.9615648279769
275.8359915140224
721.6013034552212
252.50437408862726
859.9358555869173
304.59622349391566
740.6132926759358
249.11162797730154
706.0387701458716
282.2447036940495
749.2663281426462
304.9065671816235
640.3251221489058
385.68603346944906
776.3204785994556
289.19619234150764
659.6600534218525
330.1894539211256
729.206302454288
428.7509597266644
624.9377647307035
350.9799947957124
732.7623628913905
278.67465956395574
706.9679722575903
287.0511853869751
673.2454764998452
185.09396903931514
689.5585323621673
243.2769015722408
779.5116238936146
300.8404492480846
724.2702170970164
292.6350169862851
708.9800670561301
248.86667776759631
763.5331574007315
324.0062537234225
828.5044698674639
344.90525947592175
757.1857370145472
231.86836004514876
800.8345557944551
269.1359664485063
726.3107831445038
276.4113183500475
696.3758612403416
313.0624401540076
699.7037827391737
275.5807079186876
644.963603003105
270.85104277969833
773.6821674374771
281.6903027704337
797.6518023509863
299.62580920506656
655.5135369789682
367.39146681165835
713.88282096067
236.77560865082816
743.0686667336894
393.14560954213
775.2888332825332
350.65243577883314
780.191713687115
229.63079441210854
693.415163348552
280.06548275773207
703.0079830802285
334.0300151001388
710.8768118435615
277.42838639071664
743.079232177838
271.0228713144581
767.7704499574771
342.1583458634238
614.3436954574929
145.55598175421864
665.9648980167981
293.72571628392325
766.6506002582132
346.39424212994345
818.0665183387828
309.0655660718644
740.3647752842115
248.07339614725805
770.7496453608936
245.18749148536585
674.52605223035
326.48723481054935
689.5691752797248
292.4558714394178
766.1248394241692
263.2915666408986
675.1140538505364
363.0524240691804
711.365382416042
276.2446932396244
655.2138802596619
257.85091243012903
615.6322709357441
335.11109209405197
688.8594032923654
345.31210983363763
699.0804607468519
282.26669809431576
837.8990385912391
258.1872176218331
738.3654979741484
305.7776111952432
695.1243632499812
311.8096429136988
739.3721731357522
217.69599801136178
654.7693746942371
322.03581812148155
728.2177142084695
297.59060468678496
604.5884023768538
336.0331244347271
711.672646678119
320.55079562090197
747.2697029016207
384.3118665365035
708.6633478737197
310.7108422802855
740.3761778620154
315.4663547391322
723.4192083875153
343.01943759363814
763.6353708999187
319.4375104839537
711.0048753621489
257.3361658836141
94.1081405036195
155.67039065221002
89.54376140675643
297.515039026551
115.83204679363601
120.7160512083447
79.46476861585552
223.14370903350988
132.457956680979
189.77392465038818
-26.707553617039736
223.91903270286392
134.09531518806835
260.6648143304991
33.47839036352057
118.14769860266244
129.53174857126726
301.58383714612756
154.44576315788635
153.4659309947422
128.3380621469954
248.77887379171537
128.2974042082248
227.71848292618898
70.84840801494369
172.34873250474266
28.347101931958363
213.93873290746907
129.986449330218
254.57124088000327
50.816136465682874
247.1595549103815
133.11381984321127
236.52775765081145
-29.482248845713784
262.78502276892004
123.62265334794054
155.25407897192724
117.37101156611399
269.0366868472535
139.317153095221
262.65877792736273
92.48383105359801
282.87289426144065
171.14248347559044
110.3783613465217
84.8295888801299
278.75774510299664
33.2323350863652
289.69055409411453
107.9695267521796
376.95089061288706
84.91722645456352
280.09506979676695
-50.70927712498266
263.097318410305
-80.75771016161119
212.836244127264
100.10200334133962
185.68298687933034
166.99305835149636
247.96540041388909
34.12361271742084
281.4338931032788
74.36289654611116
216.90158251320887
69.60436185174133
115.16346638462959
86.06540605237089
180.13382837530145
136.1347955023956
241.6816895792984
30.413147996248895
195.246597723825
169.24063629243562
335.68645819584503
103.83888193326368
228.0939470956539
17.89449730946714
225.7546906764902
116.23203809524321
231.21423794739758
83.88351751358871
253.04410795162707
100.95725150042587
239.3315228037765
3.528725961781035
235.64300738220197
154.5670290350718
202.92677171229488
171.19134238191447
280.90722139005106
65.03512366790837
265.4800156505316
140.32592641555036
243.62492964149726
10.894279750089353
217.2141110860005
202.7711247649538
280.60412417663514
63.23947369983508
214.83032278535046
177.6437060126603
287.5000047388142
64.93904479737063
302.68286474416703
113.72587124438965
280.4560781587096
48.64800563890198
154.38010055634248
122.66442621226597
216.06223447898583
76.59032836736145
213.14362432784958
110.97381956134485
290.4582027895584
20.152582896794016
181.19372441064857
60.30556494637783
234.79136361013937
121.10892305709346
271.2610211483619
99.61415360983577
226.98994213583262
140.78791258458176
229.3532575214427
64.85675415979344
212.03516319130662
97.95215728897875
140.9945175860665
192.74206338452274
223.79430636529872
168.93379173717213
248.6442319469253
19.36346301715568
281.20214569094827
105.33294062995216
317.88239240479214
42.90118527546539
240.23078555655263
88.7177429284342
147.24487407973623
157.0805774170011
204.0166859588122
109.04907943738588
234.05491228988794
208.15223548280574
262.46314349142875
61.268646580996084
221.97531740889409
145.8207361322384
109.10752732733121
133.62957838750248
185.49259412399311
-7.052004608181321
201.30266472952005
159.4427029224453
208.84863923271922
112.8212095444885
253.18937158425965
27.620877678390315
431.1642480678677
82.86835196270758
237.02278035289817
89.33724782237688
237.6146903646752
74.38475735501349
265.2284482590759
128.65136113308793
262.49644059403056
186.38050636316234
142.58283414789435
33.86614591990093
248.61972403202233
134.00438766367574
312.35281953301944
155.94433189072842
186.96804512831596
79.44998148060859
232.26323684365184
63.42975454530141
242.3095072509059
105.4344088936231
299.6336925406845
102.97897339877997
216.0024924111324
107.41428776947765
183.6538130280112
16.737714500735166
222.07471344027573
129.53515483547886
115.58972188715997
-10.853886357350476
282.51485177605707
-1.635061364456277
195.15819854528826
148.62534057820517
169.2172714408518
47.25719617276789
313.2326280748149
102.34438690427025
203.659487260856
82.89047549012426
158.1196327305911
128.63283453392424
267.4315363301853
148.45607645842142
266.88580444490555
199.26526551387977
326.2952311975747
15.430293984434087
193.98555989392656
137.35049202891622
218.7668234423421
128.9690244979202
184.27594854690653
75.77527851160647
216.00978058305475
103.15523466450095
253.1882491270833
203.02272530546097
206.5627747766861
131.1287604740897
300.59673030851934
86.75217429285644
167.7059578002295
147.82735138109638
257.26150081222744
177.44118770203372
285.0636776880633
111.90783028788425
196.34711577760575
112.5100090860694
281.1782458655345
137.6114103197175
305.66191173207
168.02090115108047
212.08708197697715
19.48771775298931
277.8144689158788
18.328629335439672
139.42513589310215
42.84298983969691
183.368814798961
112.98881188044892
176.81995063094502
147.7187764447947
313.04971329911075
91.0591584001837
248.56096228786433
-0.9417629697275061
325.7537547407486
146.05343020612295
209.2158152954608
-5.778489986920903
196.2289074865036
-28.300765242253846
233.58094402578377
-47.51573249788129
214.53116453539585
157.37386412276345
178.29316964013557
-14.384247921627235
150.86618979077667
195.5331806061044
220.35708979912147
67.39427391826517
191.01395810178659
52.38868163524425
169.3079904338843
76.02084228907724
294.9248986913289
90.18606237203299
256.04500182803133
146.0844506472157
184.60000983772323
191.5814089604646
193.1678828234554
-17.189293846696188
180.0539404366015
74.32922593922302
216.02959164055915
174.8556734161404
185.81739549343993
119.10657199952887
219.09709863383026
65.47853703825419
211.27180433009056
82.15909054550511
200.7187354161853
63.32479634793491
154.67507230378786
119.39417372172899
228.32106743920636
118.05799769513766
262.010421978815
48.65702441190828
249.32778379272256
26.074602873313495
218.05343258622028
68.5617811809876
203.5078098620906
65.9549848862811
268.9982919166023
79.9023830538395
178.7700692118994
209.65190851889804
278.6210726021089
137.6187910573399
285.43087300968233
76.94607035089535
246.99361683957835
82.99071047819034
260.80632425949625
33.141892981670836
281.54409393632454
176.88346235669692
188.12825562713766
83.7599322946454
195.3437452868429
42.69515816667656
190.01226715001633
26.566429018246794
146.98882559733977
126.64269399763735
285.31898666067764
57.78966923463639
273.0436654156307
160.6967933106119
302.7871671210151
96.58267715030406
289.7243954580254
74.02078394776939
210.39478668628524
155.165179666245
288.8391975992333
141.6513970106219
189.3736629332233
136.6360331947337
285.0187133235433
118.37310659872792
153.44489053836645
91.39932281703278
213.8101558223853
84.25222001026333
179.95140287259935
161.97685131516863
246.4337278945576
186.41125558467533
190.92953502458604
87.12125733364643
202.8613854861654
156.2282928434687
213.4753084463607
99.661104816844
315.43561985932604
179.287024815765
293.53644460538976
42.57152026194156
194.85273544859274
96.31209129827306
143.37863815725916
67.27156136489407
246.48618503229426
96.38821140218452
132.55757430019213
72.28206901613058
210.43035531456843
57.293913467840994
182.37316734234008
153.00598029426772
255.2297247326076
203.36771276066287
154.72616346235688
12.028989318576265
177.98648195494238
169.65155005381592
263.7410476071572
94.66099133795989
235.4360759363225
193.83664589786002
221.46214683479002
100.96417597674589
132.1712794052106
132.3928486677105
147.44394673512693
78.1636614549284
225.9192442238271
65.18047387637127
262.6784559835194
180.5766320817227
179.33237108866103
70.7493531699491
208.10819182810275
111.91709364874399
278.0467580786866
69.14434375527244
254.2858205044342
100.12352821732037
286.8866733825527
20.85594268579443
271.31673230511655
40.23083219204982
319.159373670349
181.4476029690211
278.74727221916015
50.178306720938174
228.68131811785275
206.24307795659973
121.39163417049632
91.1335952413203
217.5502296348363
148.83283759356613
229.76848318896205
78.53539124201689
282.40298717281007
137.88295684002048
240.27112280353808
-32.68047061476594
302.37998310407227
183.0375504900469
205.62509483377272
97.47417719757448
248.99693994472966
56.96266939778047
201.75872787659762
109.85096663085616
198.5650978167381
173.55835696721272
190.5974683225644
143.93040428384327
239.5986672777014
256.44166952600835
241.2207318512174
89.71388922705937
160.02059464569226
130.19974690078604
227.08681722286306
123.38876752826769
198.69338254414166
-7.004302434697038
284.64384316239506
77.94105653891725
229.7655522161637
59.95165458907076
227.69685540535136
170.0539881281802
269.31781699725343
119.86783521720464
188.40307801615705
22.816183629413146
170.87168274478594
160.75437037849105
182.5643423932775
119.93816488867861
209.13973539650237
42.193348246390265
317.94145997350813
170.93266237199515
207.19732672719738
140.90176292519214
239.79701095641883
184.1759283109947
242.31487735583914
113.95109415449053
263.15415027519145
84.03323964875734
176.82703977578723
196.60629313391053
139.52274744369436
145.6356524815851
197.71657609992957
101.49337735459844
260.25944521524025
115.57723743327617
298.09957596710416
-33.19805001056251
263.7649892252462
134.81309059446338
232.00010213379454
100.67335123578981
240.6110062600688
27.680061070818354
281.9716678385763
29.82566987834639
287.8341257378438
76.29032929034454
280.5274275659396
68.69819722178748
290.34867317811006
112.59760568820822
265.7936225448708
4.432920586683281
165.81489512059196
13.830450488946028
188.62088717837105
152.2586701493235
179.31904120371019
121.16020732736466
215.91506827402168
70.48279605607169
153.52355232873202
102.80607877614607
255.73282596290971
135.49575400562455
280.75826029998785
106.6320646579052
240.7001362850136
52.48189530715206
270.7899572405832
127.7842132935959
164.19410861129825
114.65521939705329
171.9482976754106
148.32068831443985
192.36259651222215
133.4919221206967
264.2653879781929
139.24215370167556
294.1925316365148
68.36180056418637
315.977123433717
50.55369631606186
153.9711870861977
56.563324659443786
239.26007540717868
121.23898986864833
205.65892506440747
55.78131855550537
237.6276142886524
48.220154096457144
236.07832339866053
166.9908395551497
248.58253822542463
51.742379207291684
265.3354931046287
59.79616020912641
230.1775460657194
55.01034780840693
240.91977757784974
92.03470110194311
147.69103949756146
75.40712498178274
193.1964222553977
-6.535891028056497
207.35984226572137
68.60415875045496
135.98086529179614
131.52773131862224
223.92819025776436
110.04494070418988
255.3142278474391
36.368799494789926
268.3536224245162
89.87026663772905
288.2262148314352
99.70256442579779
290.64949930665694
143.87244362413298
219.52564738391595
22.89348013492311
375.7284388193399
50.13809743959457
281.24568966589356
67.61136004858078
255.47943159785535
151.71263658511344
182.3752936609095
40.63250050376774
224.73668095787232
84.27972980702502
184.01741031416458
44.5378750498778
142.4096530769711
98.8744729921839
271.0575240253471
92.214127914168
169.30936660999834
87.2226740781842
243.69113037890708
54.14579935007264
219.33616905308173
69.66860826824738
297.06991291170283
73.93326090939215
227.34765237136472
20.10438718465072
208.52188608656996
67.53619454029382
265.0574274525001
34.34223576752212
146.06292164609465
216.2516614916883
262.52220842439885
81.43209883970283
251.76311144289565
5.185981029743289
226.02224667419767
38.657781547027554
239.90062879609647
77.04154963136757
167.16008966771017
3.3345421248519926
220.20780251120567
-10.561173082466226
285.62980243008633
48.299486898700664
266.26080449765084
83.38540136279879
214.27174804057913
116.13665899410341
238.4276270759037
39.71998236928317
305.65047028346976
66.477768686535
263.8803626080778
169.2063070086399
311.77550276610486
76.19483633463145
240.29561544387442
93.19489191193554
275.397139174782
33.97806267203157
240.87907973408926
0.5200941204183351
140.84054664009633
50.50431869800714
184.82602987183827
42.3752485089072
200.16338211023842
59.67759378227435
338.8146803812641
82.19165711121803
269.81235334032283
-27.800419976709264
193.21806614223078
31.70879650454937
131.3603454119393
179.03486632926342
127.68323329564964
-1.9224830211439041
265.8824095877182
143.07762020982324
256.49433859314865
88.75248437064229
234.39404718983678
220.54572381013782
266.9040424124375
-5.685465853821256
333.54089591636904
110.97263175213868
226.29118042345794
200.09333686975432
153.61940146929277
53.951996596283905
288.6611860152905
8.400642430914033
200.143261964119
174.4221547704842
180.32346653941582
67.26583441050653
322.9018179100789
6.698877015509581
167.0338243974395
156.41037784329495
265.3929366659485
159.58023406434842
218.39379660082923
201.83282720390338
251.27342219821242
115.08775289156941
256.23338644460677
59.9069448896123
322.2468011147097
52.53842670791409
227.7108999719208
187.82407875272546
222.9750143345904
152.26511360849832
224.65241845580897
129.26818613963718
281.5608734211195
83.039463614557
244.1496990541762
145.85757367836166
230.85374396977423
107.54452516623992
222.77385061229202
80.5555538912154
247.10393006463704
74.83553402557855
235.11300062748
108.28351677410807
249.24985066506954
67.67752104692525
211.9348495106439
58.65770299272948
139.4176757927622
80.2052647667794
105.35435145630392
76.49517474869171
221.74439937712555
60.042265155492395
237.34282839070735
82.65785712382154
309.538651311228
138.7543263097034
227.89855467912878
126.92931252472667
257.3246816197968
139.302414671139
261.58906510811903
44.744200531023154
205.1109216467246
116.4699108200046
180.15576710491106
99.2491240515941
258.5345886166582
83.7137843035422
132.58180309374427
134.15726820235042
270.77730404737093
11.961360193361088
203.65748088226752
78.59015202859428
233.75658710463776
58.28332490867722
198.82024801308884
208.05251636251216
190.94299290839433
34.1985622491796
238.62890634605228
122.33215354556731
209.47033928051727
50.52382821922649
287.072875526481
149.19398634054534
263.0229250739907
159.23748271674475
223.69841422914965
146.1439062407218
260.2320474777565
95.85572323490672
159.95887577483808
149.74451822556094
280.362549267423
52.70816646991396
323.16543602531357
57.11264601034893
289.5232095914504
118.53345938652609
178.2991499394144
11.155518382954327
215.66493344428167
107.30145567835253
229.708584323988
36.54856588803545
267.2401421944387
65.93418806360715
238.91025620008526
44.482209763978766
220.2506394936057
57.3616763679952
211.0961513447585
92.4997825351226
232.69059535011408
7.372705576127771
303.4475034706566
65.03597811224913
228.76775375226134
149.02178675582164
195.54300040315866
28.660704803712562
169.47890697503263
99.68816189437325
196.38463618660958
63.78800425830159
224.9318858808932
69.41708824449265
271.20206016716367
47.38238780112048
180.6564025249352
75.05931774877823
119.72987217128538
201.54747919942565
231.92113137609525
69.78593431234461
261.2487731987795
136.6364550999942
209.3110915815384
163.9705762856645
319.9630745917541
35.03962898087356
187.52315548679587
105.65184118909815
223.59797624415862
64.5018599785203
291.27794694951655
79.97302536029899
208.75209398834855
106.63117353169005
273.03375272207194
83.38144529083932
248.4713671302596
134.4982816509996
261.26856575286183
95.35470214096232
251.61979759948298
108.79045682343413
234.3748424658508
35.79665457071717
208.63720197421915
167.3011273585588
181.7414048399079
79.75366103678459
101.47291763606609
159.16549720059135
283.7014440342829
134.815570346466
233.55442614770638
30.586158245306613
208.88989775922474
71.17555608941393
224.66295836603754
34.91829445283276
220.70799885994592
118.49691133215146
243.14610681840773
151.70355242749275
199.72407867162866
151.95790557306006
204.84103725353413
167.672736802381
295.04290667775507
104.04142972387253
211.02583852377768
46.72337247659868
327.5192451779159
6.441535047787212
316.1250255249398
136.13247192606505
180.24889766421677
34.015812711575116
248.64287198455446
88.6431704232226
123.59759929984712
106.99861714882209
228.53243625750542
64.07171529768709
195.9352486937861
100.90471856859028
188.76329762553462
138.9055452833984
275.51567003607346
98.96495906397365
166.16539086249122
166.636500782264
153.2932228534053
182.3009279777321
342.69100655598197
38.106040620480336
182.16227197981863
156.5368807562392
321.08373439991396
88.31373242154845
184.11163130356465
75.91124309350603
204.3277561542781
126.0451986819408
331.6670242102794
139.57333286429554
253.08536614529683
44.43482964469077
188.69209902110316
81.01098363776374
234.17295837880917
61.94280689596847
233.14723042300673
138.67788663248606
327.97151349339765
123.89150479478762
187.60214900962288
55.87215864820192
155.8054471570906
120.88280594674403
234.06481580712364
122.26621821623553
267.9715341025464
105.50478687191229
197.86024906323289
28.412244139213797
236.570351344961
148.70742731457835
141.98321339777698
137.27505846998338
217.42025059870073
80.08698162102688
209.175229439514
100.83852473691971
300.75836109575016
55.96699131804357
252.7765030824815
68.92036687103305
226.92862441589597
78.09271961793657
186.80456037192917
36.49251678314794
182.3828962373272
110.90201856134658
143.25035103679892
91.72050867036928
253.24120010324103
118.00785235703538
248.6086141010756
33.71978777919156
212.99098598577152
-2.2233268059699043
269.2181885871325
119.5790018365072
268.41578914179394
162.1840214765411
174.9329318711887
152.55349907640323
247.26755508499866
42.573685763822105
335.47163574769
63.872780815851605
257.020375281098
78.37268815097868
189.41223346495565
42.750206111894066
310.84038996079664
26.503273340965606
243.3563508159943
85.38669919446514
145.37602859482774
68.3327395503916
213.9731521178236
32.577819804271265
210.7661636310808
62.93031511713234
299.90467684106466
146.9802467625373
211.93414646046594
-2.3190631383987466
250.95606651659804
55.218702433135576
299.81594681487013
56.44182557245042
253.80157325360048
-7.470281836333314
291.35292812150715
45.17443783002488
225.0229395634283
159.0140662804828
125.95203141367155
151.94015326637575
216.66313690045348
109.36639234699321
172.73952692315112
64.69743788486709
199.23633019882223
199.746914490468
172.4504918005779
22.790247553248534
277.8444530034104
12.870395229202913
148.76986521021388
73.82298151714372
223.09615041489909
95.71772102953533
183.14535430805176
52.73711614270781
261.8791416591812
55.69048683780523
240.75104196852212
73.0650004474168
195.17438250503707
171.91804283815117
234.346432309659
81.7477974317025
257.7394760358842
155.80752623311793
210.8496025230676
40.4309446831759
210.91325422146048
123.9725163060655
240.73140322396955
102.21578332903871
278.6374927010819
117.24199768479158
237.2986654345874
79.83765041046068
234.6379704594928
131.74211679569322
219.53823647273495
202.004651536195
181.85540250013042
85.93653011262879
132.9078978409417
DatasetEnd